Elapsed time','ECG I','ECG I filtered'
0,-0.085,-0.115
0.001,-0.08,-0.115
0.002,-0.07,-0.12
0.003,-0.075,-0.12
0.004,-0.095,-0.12
0.005,-0.09,-0.12
0.006,-0.1,-0.12
0.007,-0.1,-0.115
0.008,-0.1,-0.115
0.009,-0.085,-0.115
0.01,-0.06,-0.11
0.011,-0.045,-0.11
0.012,-0.055,-0.11
0.013,-0.06,-0.11
0.014,-0.07,-0.105
0.015,-0.08,-0.105
0.016,-0.085,-0.105
0.017,-0.08,-0.105
0.018,-0.07,-0.1
0.019,-0.04,-0.1
0.02,-0.05,-0.1
0.021,-0.045,-0.1
0.022,-0.04,-0.1
0.023,-0.04,-0.1
0.024,-0.055,-0.1
0.025,-0.06,-0.1
0.026,-0.055,-0.1
0.027,-0.055,-0.095
0.028,-0.055,-0.095
0.029,-0.045,-0.095
0.03,-0.04,-0.095
0.031,-0.045,-0.09
0.032,-0.04,-0.09
0.033,-0.03,-0.09
0.034,-0.035,-0.09
0.035,-0.045,-0.085
0.036,-0.055,-0.085
0.037,-0.055,-0.085
0.038,-0.05,-0.085
0.039,-0.02,-0.085
0.04,-0.015,-0.08
0.041,-0.01,-0.08
0.042,0.005,-0.075
0.043,0,-0.07
0.044,-0.005,-0.07
0.045,-0.025,-0.065
0.046,-0.035,-0.065
0.047,-0.03,-0.06
0.048,-0.03,-0.06
0.049,-0.015,-0.06
0.05,-0.005,-0.06
0.051,0,-0.065
0.052,0.01,-0.065
0.053,0.02,-0.06
0.054,0,-0.06
0.055,-0.005,-0.055
0.056,0.005,-0.05
0.057,0.005,-0.05
0.058,0.01,-0.045
0.059,0.025,-0.04
0.06,0.04,-0.035
0.061,0.055,-0.03
0.062,0.06,-0.025
0.063,0.045,-0.02
0.064,0.04,-0.01
0.065,0.045,-0.005
0.066,0.04,0.005
0.067,0.04,0.01
0.068,0.07,0.02
0.069,0.075,0.025
0.07,0.09,0.025
0.071,0.105,0.03
0.072,0.105,0.03
0.073,0.115,0.03
0.074,0.105,0.035
0.075,0.1,0.035
0.076,0.1,0.04
0.077,0.095,0.045
0.078,0.125,0.055
0.079,0.155,0.065
0.08,0.16,0.075
0.081,0.16,0.085
0.082,0.175,0.095
0.083,0.175,0.1
0.084,0.155,0.105
0.085,0.16,0.11
0.086,0.15,0.115
0.087,0.15,0.12
0.088,0.16,0.125
0.089,0.18,0.125
0.09,0.19,0.125
0.091,0.19,0.125
0.092,0.2,0.125
0.093,0.19,0.12
0.094,0.18,0.12
0.095,0.175,0.115
0.096,0.165,0.11
0.097,0.16,0.105
0.098,0.165,0.105
0.099,0.155,0.1
0.1,0.165,0.1
0.101,0.165,0.1
0.102,0.17,0.1
0.103,0.145,0.095
0.104,0.135,0.09
0.105,0.11,0.085
0.106,0.09,0.075
0.107,0.07,0.065
0.108,0.075,0.05
0.109,0.085,0.04
0.11,0.085,0.025
0.111,0.07,0.015
0.112,0.07,0.01
0.113,0.05,0
0.114,0.04,-0.005
0.115,0.025,-0.01
0.116,0.005,-0.015
0.117,-0.005,-0.02
0.118,0,-0.025
0.119,0,-0.035
0.12,0.005,-0.045
0.121,0.01,-0.055
0.122,0,-0.06
0.123,0.01,-0.065
0.124,0.015,-0.065
0.125,0.03,-0.06
0.126,0.035,-0.05
0.127,0.045,-0.035
0.128,0.065,-0.015
0.129,0.085,0
0.13,0.09,0.015
0.131,0.12,0.025
0.132,0.115,0.03
0.133,0.09,0.035
0.134,0.085,0.035
0.135,0.07,0.03
0.136,0.08,0.025
0.137,0.08,0.025
0.138,0.09,0.025
0.139,0.095,0.025
0.14,0.11,0.03
0.141,0.115,0.03
0.142,0.13,0.035
0.143,0.115,0.04
0.144,0.1,0.045
0.145,0.095,0.05
0.146,0.095,0.05
0.147,0.095,0.05
0.148,0.1,0.05
0.149,0.11,0.055
0.15,0.12,0.055
0.151,0.125,0.06
0.152,0.14,0.06
0.153,0.135,0.065
0.154,0.115,0.065
0.155,0.115,0.07
0.156,0.115,0.07
0.157,0.115,0.07
0.158,0.125,0.07
0.159,0.13,0.07
0.16,0.125,0.065
0.161,0.14,0.065
0.162,0.14,0.065
0.163,0.14,0.06
0.164,0.13,0.06
0.165,0.105,0.06
0.166,0.1,0.065
0.167,0.1,0.065
0.168,0.13,0.07
0.169,0.14,0.07
0.17,0.135,0.07
0.171,0.15,0.075
0.172,0.145,0.075
0.173,0.13,0.075
0.174,0.125,0.075
0.175,0.125,0.07
0.176,0.115,0.07
0.177,0.12,0.07
0.178,0.125,0.07
0.179,0.14,0.065
0.18,0.14,0.065
0.181,0.15,0.065
0.182,0.145,0.065
0.183,0.14,0.065
0.184,0.135,0.065
0.185,0.14,0.06
0.186,0.125,0.06
0.187,0.125,0.06
0.188,0.135,0.065
0.189,0.145,0.065
0.19,0.145,0.065
0.191,0.14,0.07
0.192,0.135,0.07
0.193,0.12,0.075
0.194,0.12,0.075
0.195,0.11,0.075
0.196,0.115,0.075
0.197,0.12,0.07
0.198,0.135,0.07
0.199,0.135,0.065
0.2,0.13,0.065
0.201,0.135,0.06
0.202,0.13,0.055
0.203,0.11,0.055
0.204,0.11,0.055
0.205,0.11,0.05
0.206,0.105,0.05
0.207,0.115,0.05
0.208,0.125,0.05
0.209,0.13,0.05
0.21,0.115,0.045
0.211,0.12,0.045
0.212,0.115,0.045
0.213,0.105,0.04
0.214,0.1,0.035
0.215,0.105,0.035
0.216,0.09,0.03
0.217,0.1,0.03
0.218,0.105,0.025
0.219,0.11,0.025
0.22,0.12,0.03
0.221,0.135,0.03
0.222,0.12,0.035
0.223,0.11,0.04
0.224,0.095,0.045
0.225,0.1,0.045
0.226,0.095,0.045
0.227,0.1,0.045
0.228,0.11,0.045
0.229,0.11,0.045
0.23,0.115,0.045
0.231,0.115,0.045
0.232,0.095,0.05
0.233,0.08,0.05
0.234,0.075,0.05
0.235,0.07,0.05
0.236,0.07,0.045
0.237,0.075,0.04
0.238,0.09,0.035
0.239,0.085,0.03
0.24,0.1,0.02
0.241,0.125,0.02
0.242,0.11,0.02
0.243,0.105,0.02
0.244,0.075,0.025
0.245,0.08,0.035
0.246,0.065,0.04
0.247,0.075,0.04
0.248,0.08,0.045
0.249,0.09,0.045
0.25,0.1,0.04
0.251,0.115,0.035
0.252,0.105,0.03
0.253,0.09,0.025
0.254,0.085,0.025
0.255,0.09,0.03
0.256,0.085,0.03
0.257,0.095,0.035
0.258,0.11,0.045
0.259,0.135,0.05
0.26,0.13,0.055
0.261,0.135,0.06
0.262,0.125,0.06
0.263,0.12,0.06
0.264,0.11,0.065
0.265,0.105,0.06
0.266,0.095,0.06
0.267,0.11,0.06
0.268,0.14,0.055
0.269,0.135,0.055
0.27,0.14,0.05
0.271,0.14,0.045
0.272,0.13,0.045
0.273,0.125,0.04
0.274,0.12,0.045
0.275,0.105,0.05
0.276,0.1,0.055
0.277,0.12,0.06
0.278,0.15,0.07
0.279,0.16,0.075
0.28,0.16,0.08
0.281,0.17,0.085
0.282,0.16,0.08
0.283,0.12,0.075
0.284,0.115,0.07
0.285,0.115,0.065
0.286,0.095,0.055
0.287,0.095,0.05
0.288,0.1,0.045
0.289,0.095,0.04
0.29,0.09,0.04
0.291,0.09,0.035
0.292,0.085,0.03
0.293,0.055,0.02
0.294,0.065,0.015
0.295,0.06,0.01
0.296,0.065,0.01
0.297,0.075,0.005
0.298,0.08,0.005
0.299,0.08,0.01
0.3,0.095,0.015
0.301,0.075,0.015
0.302,0.055,0.02
0.303,0.05,0.02
0.304,0.045,0.02
0.305,0.035,0.02
0.306,0.045,0.02
0.307,0.045,0.015
0.308,0.055,0.015
0.309,0.06,0.015
0.31,0.06,0.01
0.311,0.06,0.01
0.312,0.06,0.005
0.313,0.05,0.005
0.314,0.035,0
0.315,0.02,-0.005
0.316,0.025,-0.01
0.317,0.035,-0.01
0.318,0.045,-0.01
0.319,0.055,-0.01
0.32,0.06,-0.01
0.321,0.055,-0.01
0.322,0.035,-0.01
0.323,0.025,-0.01
0.324,0.03,-0.015
0.325,0.02,-0.015
0.326,0.03,-0.02
0.327,0.05,-0.025
0.328,0.03,-0.03
0.329,0.04,-0.03
0.33,0.05,-0.03
0.331,0.04,-0.03
0.332,0.025,-0.03
0.333,0,-0.025
0.334,-0.01,-0.025
0.335,-0.025,-0.03
0.336,-0.03,-0.035
0.337,-0.025,-0.04
0.338,-0.015,-0.045
0.339,-0.005,-0.045
0.34,0.03,-0.035
0.341,0.065,-0.015
0.342,0.11,0.025
0.343,0.16,0.075
0.344,0.2,0.14
0.345,0.255,0.22
0.346,0.335,0.305
0.347,0.425,0.39
0.348,0.53,0.47
0.349,0.645,0.535
0.35,0.72,0.59
0.351,0.735,0.62
0.352,0.685,0.625
0.353,0.63,0.6
0.354,0.57,0.555
0.355,0.485,0.485
0.356,0.41,0.395
0.357,0.335,0.295
0.358,0.23,0.19
0.359,0.1,0.09
0.36,0.01,0
0.361,-0.06,-0.07
0.362,-0.1,-0.12
0.363,-0.1,-0.145
0.364,-0.09,-0.15
0.365,-0.085,-0.14
0.366,-0.06,-0.115
0.367,-0.02,-0.09
0.368,0.01,-0.06
0.369,0.035,-0.04
0.37,0.04,-0.025
0.371,0.035,-0.015
0.372,0.015,-0.015
0.373,-0.005,-0.02
0.374,-0.02,-0.025
0.375,-0.025,-0.035
0.376,-0.01,-0.035
0.377,0,-0.04
0.378,0.005,-0.04
0.379,0.025,-0.04
0.38,0.025,-0.04
0.381,0.02,-0.035
0.382,0,-0.035
0.383,0.005,-0.035
0.384,-0.015,-0.04
0.385,-0.02,-0.04
0.386,-0.01,-0.04
0.387,-0.01,-0.045
0.388,0,-0.045
0.389,0.01,-0.045
0.39,0,-0.045
0.391,0.005,-0.045
0.392,0.005,-0.045
0.393,-0.005,-0.04
0.394,0,-0.04
0.395,-0.01,-0.035
0.396,0,-0.03
0.397,0.015,-0.03
0.398,0.02,-0.025
0.399,0.025,-0.025
0.4,0.04,-0.025
0.401,0.025,-0.025
0.402,0.01,-0.025
0.403,0,-0.025
0.404,-0.005,-0.025
0.405,-0.005,-0.025
0.406,0.005,-0.03
0.407,0.025,-0.03
0.408,0.025,-0.03
0.409,0.03,-0.03
0.41,0.025,-0.025
0.411,0.01,-0.025
0.412,0.02,-0.02
0.413,0.005,-0.02
0.414,0.01,-0.015
0.415,0.005,-0.01
0.416,0.015,-0.01
0.417,0.02,-0.01
0.418,0.035,-0.01
0.419,0.04,-0.01
0.42,0.05,-0.01
0.421,0.05,-0.01
0.422,0.045,-0.01
0.423,0.04,-0.01
0.424,0.025,-0.005
0.425,0.03,0
0.426,0.03,0.005
0.427,0.04,0.01
0.428,0.045,0.015
0.429,0.055,0.02
0.43,0.06,0.025
0.431,0.065,0.025
0.432,0.065,0.03
0.433,0.07,0.03
0.434,0.07,0.035
0.435,0.065,0.04
0.436,0.08,0.045
0.437,0.095,0.05
0.438,0.105,0.055
0.439,0.105,0.065
0.44,0.12,0.07
0.441,0.115,0.07
0.442,0.115,0.075
0.443,0.11,0.075
0.444,0.1,0.075
0.445,0.1,0.075
0.446,0.115,0.075
0.447,0.13,0.08
0.448,0.15,0.085
0.449,0.155,0.09
0.45,0.16,0.095
0.451,0.15,0.105
0.452,0.16,0.115
0.453,0.165,0.12
0.454,0.155,0.13
0.455,0.16,0.135
0.456,0.175,0.14
0.457,0.2,0.14
0.458,0.205,0.145
0.459,0.21,0.145
0.46,0.205,0.145
0.461,0.195,0.145
0.462,0.185,0.145
0.463,0.18,0.15
0.464,0.18,0.15
0.465,0.18,0.155
0.466,0.18,0.16
0.467,0.2,0.165
0.468,0.205,0.17
0.469,0.205,0.175
0.47,0.195,0.175
0.471,0.17,0.17
0.472,0.15,0.165
0.473,0.135,0.155
0.474,0.13,0.14
0.475,0.125,0.13
0.476,0.13,0.12
0.477,0.115,0.115
0.478,0.13,0.11
0.479,0.13,0.105
0.48,0.115,0.1
0.481,0.095,0.095
0.482,0.08,0.085
0.483,0.07,0.075
0.484,0.055,0.06
0.485,0.03,0.045
0.486,0.015,0.03
0.487,0.025,0.015
0.488,0.025,0.005
0.489,0.02,-0.005
0.49,0.01,-0.005
0.491,-0.005,-0.005
0.492,-0.02,-0.005
0.493,-0.025,-0.005
0.494,-0.035,-0.005
0.495,-0.03,-0.01
0.496,-0.01,-0.015
0.497,0,-0.025
0.498,-0.01,-0.035
0.499,-0.005,-0.04
0.5,-0.01,-0.045
0.501,-0.03,-0.05
0.502,-0.04,-0.05
0.503,-0.055,-0.05
0.504,-0.065,-0.045
0.505,-0.055,-0.05
0.506,-0.04,-0.05
0.507,-0.045,-0.055
0.508,-0.025,-0.06
0.509,-0.035,-0.07
0.51,-0.03,-0.075
0.511,-0.05,-0.075
0.512,-0.055,-0.08
0.513,-0.06,-0.08
0.514,-0.06,-0.075
0.515,-0.045,-0.07
0.516,-0.045,-0.065
0.517,-0.035,-0.06
0.518,-0.02,-0.06
0.519,-0.03,-0.055
0.52,-0.03,-0.055
0.521,-0.05,-0.055
0.522,-0.055,-0.055
0.523,-0.055,-0.055
0.524,-0.06,-0.055
0.525,-0.055,-0.055
0.526,-0.05,-0.055
0.527,-0.04,-0.055
0.528,-0.055,-0.06
0.529,-0.03,-0.06
0.53,-0.055,-0.065
0.531,-0.05,-0.065
0.532,-0.05,-0.065
0.533,-0.06,-0.065
0.534,-0.06,-0.06
0.535,-0.045,-0.06
0.536,-0.04,-0.055
0.537,-0.04,-0.055
0.538,-0.04,-0.055
0.539,-0.04,-0.05
0.54,-0.05,-0.055
0.541,-0.055,-0.055
0.542,-0.055,-0.055
0.543,-0.06,-0.06
0.544,-0.055,-0.06
0.545,-0.03,-0.06
0.546,-0.03,-0.06
0.547,-0.025,-0.06
0.548,-0.02,-0.06
0.549,-0.015,-0.065
0.55,-0.025,-0.065
0.551,-0.035,-0.065
0.552,-0.045,-0.07
0.553,-0.05,-0.07
0.554,-0.055,-0.07
0.555,-0.045,-0.07
0.556,-0.04,-0.065
0.557,-0.02,-0.065
0.558,-0.015,-0.06
0.559,-0.01,-0.055
0.56,-0.015,-0.055
0.561,-0.02,-0.05
0.562,-0.03,-0.055
0.563,-0.035,-0.055
0.564,-0.04,-0.055
0.565,-0.03,-0.06
0.566,-0.03,-0.06
0.567,-0.025,-0.06
0.568,-0.015,-0.06
0.569,-0.015,-0.055
0.57,-0.025,-0.055
0.571,-0.02,-0.05
0.572,-0.035,-0.045
0.573,-0.04,-0.04
0.574,-0.045,-0.04
0.575,-0.045,-0.035
0.576,-0.03,-0.035
0.577,-0.025,-0.035
0.578,-0.005,-0.035
0.579,-0.01,-0.035
0.58,-0.03,-0.035
0.581,-0.03,-0.035
0.582,-0.035,-0.035
0.583,-0.05,-0.035
0.584,-0.06,-0.03
0.585,-0.04,-0.03
0.586,-0.04,-0.03
0.587,-0.03,-0.035
0.588,-0.02,-0.035
0.589,-0.025,-0.035
0.59,-0.04,-0.04
0.591,-0.045,-0.045
0.592,-0.02,-0.045
0.593,-0.05,-0.05
0.594,-0.055,-0.05
0.595,-0.04,-0.05
0.596,-0.03,-0.05
0.597,-0.035,-0.05
0.598,-0.015,-0.05
0.599,-0.02,-0.05
0.6,-0.04,-0.05
0.601,-0.05,-0.05
0.602,-0.055,-0.055
0.603,-0.06,-0.055
0.604,-0.06,-0.06
0.605,-0.055,-0.06
0.606,-0.04,-0.065
0.607,-0.04,-0.065
0.608,-0.035,-0.065
0.609,-0.02,-0.06
0.61,-0.035,-0.06
0.611,-0.045,-0.06
0.612,-0.05,-0.06
0.613,-0.07,-0.06
0.614,-0.07,-0.06
0.615,-0.05,-0.06
0.616,-0.045,-0.06
0.617,-0.035,-0.06
0.618,-0.035,-0.06
0.619,-0.035,-0.06
0.62,-0.045,-0.06
0.621,-0.055,-0.055
0.622,-0.05,-0.05
0.623,-0.05,-0.05
0.624,-0.04,-0.045
0.625,-0.035,-0.045
0.626,-0.025,-0.04
0.627,-0.005,-0.04
0.628,-0.01,-0.04
0.629,-0.025,-0.035
0.63,-0.04,-0.035
0.631,-0.03,-0.03
0.632,-0.035,-0.03
0.633,-0.04,-0.025
0.634,-0.04,-0.025
0.635,-0.025,-0.02
0.636,-0.015,-0.02
0.637,-0.01,-0.02
0.638,0.015,-0.02
0.639,-0.005,-0.02
0.64,-0.005,-0.02
0.641,-0.015,-0.02
0.642,-0.02,-0.025
0.643,-0.025,-0.025
0.644,-0.025,-0.03
0.645,-0.01,-0.03
0.646,0.005,-0.035
0.647,0.015,-0.035
0.648,0.02,-0.035
0.649,0.015,-0.03
0.65,0.005,-0.03
0.651,0.005,-0.025
0.652,0,-0.015
0.653,0,-0.01
0.654,0,-0.005
0.655,0,0
0.656,0.005,0
0.657,0.02,0
0.658,0.03,0
0.659,0.02,-0.005
0.66,-0.01,-0.01
0.661,-0.025,-0.015
0.662,-0.035,-0.02
0.663,-0.055,-0.025
0.664,-0.05,-0.03
0.665,-0.045,-0.035
0.666,-0.04,-0.04
0.667,-0.045,-0.045
0.668,-0.025,-0.055
0.669,-0.035,-0.06
0.67,-0.06,-0.07
0.671,-0.06,-0.075
0.672,-0.07,-0.08
0.673,-0.08,-0.08
0.674,-0.065,-0.08
0.675,-0.055,-0.08
0.676,-0.05,-0.075
0.677,-0.05,-0.075
0.678,-0.035,-0.075
0.679,-0.055,-0.075
0.68,-0.055,-0.075
0.681,-0.06,-0.075
0.682,-0.065,-0.075
0.683,-0.065,-0.075
0.684,-0.06,-0.075
0.685,-0.065,-0.075
0.686,-0.065,-0.075
0.687,-0.065,-0.075
0.688,-0.065,-0.08
0.689,-0.065,-0.08
0.69,-0.08,-0.085
0.691,-0.085,-0.09
0.692,-0.08,-0.095
0.693,-0.1,-0.095
0.694,-0.09,-0.095
0.695,-0.08,-0.095
0.696,-0.06,-0.09
0.697,-0.045,-0.085
0.698,-0.045,-0.085
0.699,-0.055,-0.085
0.7,-0.06,-0.085
0.701,-0.085,-0.09
0.702,-0.085,-0.095
0.703,-0.1,-0.1
0.704,-0.1,-0.105
0.705,-0.08,-0.105
0.706,-0.075,-0.105
0.707,-0.07,-0.105
0.708,-0.075,-0.105
0.709,-0.095,-0.105
0.71,-0.105,-0.11
0.711,-0.115,-0.115
0.712,-0.14,-0.125
0.713,-0.155,-0.13
0.714,-0.135,-0.13
0.715,-0.105,-0.12
0.716,-0.045,-0.095
0.717,0.02,-0.055
0.718,0.075,-0.005
0.719,0.125,0.06
0.72,0.17,0.14
0.721,0.225,0.225
0.722,0.275,0.31
0.723,0.39,0.395
0.724,0.515,0.47
0.725,0.64,0.53
0.726,0.69,0.575
0.727,0.66,0.595
0.728,0.615,0.59
0.729,0.555,0.555
0.73,0.485,0.495
0.731,0.39,0.41
0.732,0.305,0.31
0.733,0.195,0.2
0.734,0.085,0.085
0.735,-0.03,-0.015
0.736,-0.115,-0.095
0.737,-0.155,-0.15
0.738,-0.145,-0.18
0.739,-0.125,-0.185
0.74,-0.115,-0.17
0.741,-0.11,-0.14
0.742,-0.085,-0.11
0.743,-0.05,-0.08
0.744,-0.055,-0.06
0.745,-0.03,-0.055
0.746,-0.035,-0.055
0.747,-0.045,-0.065
0.748,-0.04,-0.075
0.749,-0.04,-0.085
0.75,-0.065,-0.095
0.751,-0.07,-0.1
0.752,-0.08,-0.1
0.753,-0.075,-0.095
0.754,-0.07,-0.09
0.755,-0.06,-0.085
0.756,-0.05,-0.085
0.757,-0.03,-0.08
0.758,-0.045,-0.08
0.759,-0.045,-0.08
0.76,-0.055,-0.08
0.761,-0.06,-0.08
0.762,-0.055,-0.08
0.763,-0.06,-0.075
0.764,-0.04,-0.07
0.765,-0.035,-0.07
0.766,-0.025,-0.065
0.767,-0.01,-0.065
0.768,-0.025,-0.065
0.769,-0.045,-0.07
0.77,-0.05,-0.07
0.771,-0.055,-0.07
0.772,-0.05,-0.065
0.773,-0.055,-0.065
0.774,-0.03,-0.06
0.775,-0.025,-0.055
0.776,-0.02,-0.05
0.777,-0.01,-0.045
0.778,-0.01,-0.045
0.779,-0.02,-0.04
0.78,-0.03,-0.04
0.781,-0.025,-0.035
0.782,-0.02,-0.035
0.783,-0.015,-0.03
0.784,0.005,-0.025
0.785,0.02,-0.025
0.786,0.025,-0.02
0.787,0.025,-0.015
0.788,0.015,-0.015
0.789,0.005,-0.015
0.79,-0.01,-0.015
0.791,-0.01,-0.02
0.792,-0.01,-0.02
0.793,0.01,-0.02
0.794,0.015,-0.02
0.795,0.025,-0.02
0.796,0.045,-0.015
0.797,0.06,-0.01
0.798,0.065,-0.005
0.799,0.05,0.005
0.8,0.04,0.01
0.801,0.045,0.015
0.802,0.04,0.02
0.803,0.045,0.02
0.804,0.045,0.02
0.805,0.06,0.02
0.806,0.065,0.02
0.807,0.07,0.015
0.808,0.065,0.015
0.809,0.065,0.01
0.81,0.065,0.01
0.811,0.065,0.015
0.812,0.075,0.02
0.813,0.08,0.025
0.814,0.1,0.035
0.815,0.115,0.045
0.816,0.125,0.06
0.817,0.13,0.07
0.818,0.14,0.075
0.819,0.14,0.085
0.82,0.15,0.09
0.821,0.135,0.095
0.822,0.13,0.1
0.823,0.14,0.105
0.824,0.17,0.11
0.825,0.175,0.115
0.826,0.19,0.125
0.827,0.2,0.13
0.828,0.205,0.14
0.829,0.19,0.145
0.83,0.2,0.155
0.831,0.2,0.16
0.832,0.195,0.16
0.833,0.21,0.165
0.834,0.225,0.165
0.835,0.235,0.165
0.836,0.23,0.17
0.837,0.24,0.175
0.838,0.225,0.175
0.839,0.225,0.175
0.84,0.205,0.175
0.841,0.2,0.175
0.842,0.19,0.17
0.843,0.19,0.165
0.844,0.205,0.155
0.845,0.205,0.15
0.846,0.22,0.145
0.847,0.23,0.14
0.848,0.205,0.14
0.849,0.195,0.14
0.85,0.175,0.14
0.851,0.165,0.14
0.852,0.155,0.135
0.853,0.15,0.13
0.854,0.14,0.12
0.855,0.135,0.11
0.856,0.13,0.09
0.857,0.11,0.075
0.858,0.105,0.06
0.859,0.085,0.045
0.86,0.075,0.035
0.861,0.065,0.03
0.862,0.06,0.03
0.863,0.065,0.025
0.864,0.06,0.025
0.865,0.06,0.02
0.866,0.05,0.02
0.867,0.045,0.01
0.868,0.04,0
0.869,0.02,-0.01
0.87,0.01,-0.02
0.871,0,-0.03
0.872,0,-0.035
0.873,0.01,-0.04
0.874,0.015,-0.045
0.875,0.01,-0.045
0.876,0.02,-0.045
0.877,0.01,-0.045
0.878,0,-0.05
0.879,-0.02,-0.05
0.88,-0.02,-0.055
0.881,-0.04,-0.06
0.882,-0.035,-0.06
0.883,-0.025,-0.065
0.884,-0.015,-0.065
0.885,-0.005,-0.07
0.886,0.005,-0.07
0.887,-0.005,-0.065
0.888,-0.02,-0.065
0.889,-0.025,-0.06
0.89,-0.025,-0.06
0.891,-0.025,-0.06
0.892,-0.025,-0.055
0.893,-0.025,-0.055
0.894,-0.01,-0.06
0.895,0.005,-0.06
0.896,0.015,-0.06
0.897,0.01,-0.06
0.898,0.005,-0.06
0.899,-0.02,-0.06
0.9,-0.015,-0.065
0.901,-0.015,-0.065
0.902,-0.02,-0.065
0.903,-0.025,-0.065
0.904,-0.02,-0.065
0.905,-0.02,-0.07
0.906,0,-0.07
0.907,0.015,-0.07
0.908,-0.005,-0.075
0.909,-0.01,-0.075
0.91,-0.02,-0.08
0.911,-0.03,-0.085
0.912,-0.03,-0.09
0.913,-0.015,-0.09
0.914,0,-0.095
0.915,0.01,-0.095
0.916,0.015,-0.095
0.917,0.015,-0.09
0.918,-0.005,-0.085
0.919,-0.01,-0.08
0.92,-0.035,-0.075
0.921,-0.025,-0.07
0.922,-0.025,-0.065
0.923,-0.02,-0.065
0.924,0.005,-0.065
0.925,0.015,-0.065
0.926,0.02,-0.065
0.927,0.025,-0.07
0.928,0,-0.07
0.929,-0.01,-0.07
0.93,-0.025,-0.065
0.931,-0.035,-0.065
0.932,-0.02,-0.06
0.933,-0.01,-0.06
0.934,0.005,-0.055
0.935,0.005,-0.055
0.936,0.01,-0.06
0.937,0.015,-0.06
0.938,0,-0.065
0.939,-0.005,-0.065
0.94,-0.02,-0.07
0.941,-0.025,-0.07
0.942,-0.025,-0.075
0.943,-0.015,-0.075
0.944,0,-0.075
0.945,0.005,-0.075
0.946,0.015,-0.075
0.947,0.02,-0.075
0.948,0,-0.075
0.949,-0.015,-0.075
0.95,-0.02,-0.075
0.951,-0.03,-0.08
0.952,-0.025,-0.08
0.953,-0.005,-0.08
0.954,-0.005,-0.08
0.955,0,-0.08
0.956,0.01,-0.08
0.957,0.015,-0.08
0.958,0.005,-0.08
0.959,-0.01,-0.08
0.96,-0.015,-0.08
0.961,-0.02,-0.08
0.962,-0.015,-0.08
0.963,-0.005,-0.085
0.964,-0.005,-0.085
0.965,-0.005,-0.085
0.966,-0.01,-0.085
0.967,-0.01,-0.09
0.968,-0.01,-0.09
0.969,-0.015,-0.095
0.97,-0.025,-0.095
0.971,-0.025,-0.1
0.972,-0.02,-0.1
0.973,-0.01,-0.1
0.974,-0.01,-0.1
0.975,-0.005,-0.1
0.976,-0.005,-0.1
0.977,-0.01,-0.1
0.978,-0.025,-0.1
0.979,-0.025,-0.1
0.98,-0.025,-0.1
0.981,-0.035,-0.105
0.982,-0.03,-0.105
0.983,-0.02,-0.11
0.984,-0.01,-0.11
0.985,-0.005,-0.11
0.986,-0.01,-0.115
0.987,-0.015,-0.115
0.988,-0.025,-0.115
0.989,-0.03,-0.115
0.99,-0.035,-0.115
0.991,-0.04,-0.115
0.992,-0.025,-0.115
0.993,-0.02,-0.115
0.994,-0.015,-0.115
0.995,-0.005,-0.11
0.996,0,-0.11
0.997,-0.01,-0.11
0.998,-0.025,-0.105
0.999,-0.03,-0.105
1,-0.045,-0.105
1.001,-0.045,-0.11
1.002,-0.045,-0.11
1.003,-0.035,-0.115
1.004,-0.04,-0.12
1.005,-0.025,-0.12
1.006,-0.01,-0.125
1.007,-0.025,-0.12
1.008,-0.04,-0.12
1.009,-0.04,-0.11
1.01,-0.03,-0.105
1.011,-0.035,-0.1
1.012,-0.04,-0.095
1.013,-0.025,-0.09
1.014,-0.02,-0.095
1.015,-0.015,-0.1
1.016,-0.005,-0.105
1.017,-0.01,-0.11
1.018,-0.025,-0.115
1.019,-0.04,-0.12
1.02,-0.045,-0.12
1.021,-0.04,-0.12
1.022,-0.02,-0.12
1.023,-0.015,-0.115
1.024,-0.01,-0.115
1.025,0,-0.115
1.026,-0.005,-0.115
1.027,-0.01,-0.11
1.028,-0.01,-0.11
1.029,-0.015,-0.105
1.03,0,-0.095
1.031,0.01,-0.085
1.032,0.025,-0.07
1.033,0.065,-0.055
1.034,0.07,-0.04
1.035,0.085,-0.025
1.036,0.1,-0.01
1.037,0.1,0
1.038,0.09,0.005
1.039,0.09,0.01
1.04,0.095,0.015
1.041,0.085,0.015
1.042,0.1,0.015
1.043,0.105,0.015
1.044,0.11,0.02
1.045,0.12,0.02
1.046,0.125,0.025
1.047,0.13,0.03
1.048,0.145,0.04
1.049,0.155,0.045
1.05,0.145,0.05
1.051,0.135,0.06
1.052,0.15,0.065
1.053,0.165,0.07
1.054,0.18,0.075
1.055,0.185,0.08
1.056,0.175,0.08
1.057,0.17,0.08
1.058,0.165,0.085
1.059,0.175,0.085
1.06,0.17,0.085
1.061,0.16,0.085
1.062,0.17,0.08
1.063,0.17,0.08
1.064,0.17,0.08
1.065,0.165,0.075
1.066,0.16,0.075
1.067,0.15,0.07
1.068,0.135,0.065
1.069,0.115,0.065
1.07,0.115,0.06
1.071,0.105,0.055
1.072,0.11,0.055
1.073,0.12,0.05
1.074,0.125,0.045
1.075,0.13,0.04
1.076,0.14,0.04
1.077,0.125,0.035
1.078,0.125,0.03
1.079,0.12,0.03
1.08,0.11,0.03
1.081,0.095,0.03
1.082,0.095,0.03
1.083,0.095,0.035
1.084,0.105,0.035
1.085,0.115,0.035
1.086,0.12,0.035
1.087,0.105,0.03
1.088,0.095,0.025
1.089,0.08,0.02
1.09,0.075,0.015
1.091,0.075,0.01
1.092,0.09,0.005
1.093,0.11,0
1.094,0.115,-0.005
1.095,0.12,-0.005
1.096,0.125,-0.005
1.097,0.095,-0.005
1.098,0.08,-0.005
1.099,0.07,0
1.1,0.06,0
1.101,0.085,0.005
1.102,0.1,0.005
1.103,0.1,0.01
1.104,0.105,0.01
1.105,0.115,0.005
1.106,0.105,0.005
1.107,0.095,0.005
1.108,0.085,0
1.109,0.075,0
1.11,0.07,0
1.111,0.08,0
1.112,0.075,-0.005
1.113,0.08,-0.005
1.114,0.09,-0.005
1.115,0.08,-0.01
1.116,0.09,-0.02
1.117,0.055,-0.025
1.118,0.045,-0.035
1.119,0.02,-0.04
1.12,0.02,-0.045
1.121,0.04,-0.04
1.122,0.07,-0.025
1.123,0.115,0
1.124,0.175,0.04
1.125,0.235,0.09
1.126,0.28,0.155
1.127,0.325,0.23
1.128,0.385,0.31
1.129,0.445,0.4
1.13,0.555,0.49
1.131,0.68,0.575
1.132,0.82,0.65
1.133,0.89,0.705
1.134,0.86,0.735
1.135,0.84,0.735
1.136,0.775,0.705
1.137,0.695,0.64
1.138,0.595,0.55
1.139,0.505,0.44
1.14,0.395,0.32
1.141,0.265,0.205
1.142,0.155,0.1
1.143,0.05,0.015
1.144,0.01,-0.045
1.145,0.035,-0.075
1.146,0.04,-0.085
1.147,0.04,-0.075
1.148,0.055,-0.055
1.149,0.06,-0.035
1.15,0.075,-0.01
1.151,0.095,0.005
1.152,0.12,0.01
1.153,0.13,0.015
1.154,0.125,0.015
1.155,0.13,0.015
1.156,0.12,0.015
1.157,0.105,0.02
1.158,0.09,0.025
1.159,0.085,0.03
1.16,0.09,0.03
1.161,0.105,0.035
1.162,0.11,0.035
1.163,0.11,0.03
1.164,0.12,0.025
1.165,0.13,0.02
1.166,0.125,0.015
1.167,0.11,0.01
1.168,0.09,0.01
1.169,0.075,0.015
1.17,0.08,0.02
1.171,0.095,0.025
1.172,0.115,0.03
1.173,0.115,0.03
1.174,0.115,0.035
1.175,0.14,0.03
1.176,0.11,0.03
1.177,0.1,0.025
1.178,0.095,0.025
1.179,0.085,0.025
1.18,0.1,0.02
1.181,0.12,0.02
1.182,0.13,0.02
1.183,0.135,0.02
1.184,0.14,0.02
1.185,0.145,0.02
1.186,0.13,0.02
1.187,0.115,0.02
1.188,0.11,0.02
1.189,0.105,0.02
1.19,0.11,0.025
1.191,0.13,0.025
1.192,0.14,0.03
1.193,0.15,0.035
1.194,0.155,0.04
1.195,0.165,0.04
1.196,0.135,0.045
1.197,0.115,0.045
1.198,0.11,0.045
1.199,0.115,0.045
1.2,0.11,0.045
1.201,0.13,0.04
1.202,0.135,0.04
1.203,0.14,0.04
1.204,0.155,0.045
1.205,0.165,0.045
1.206,0.16,0.045
1.207,0.15,0.05
1.208,0.145,0.05
1.209,0.145,0.05
1.21,0.135,0.055
1.211,0.14,0.055
1.212,0.165,0.06
1.213,0.17,0.065
1.214,0.175,0.07
1.215,0.17,0.075
1.216,0.17,0.08
1.217,0.165,0.085
1.218,0.175,0.09
1.219,0.16,0.09
1.22,0.165,0.095
1.221,0.18,0.095
1.222,0.21,0.095
1.223,0.215,0.1
1.224,0.225,0.105
1.225,0.225,0.11
1.226,0.215,0.12
1.227,0.21,0.13
1.228,0.22,0.14
1.229,0.2,0.15
1.23,0.225,0.165
1.231,0.25,0.17
1.232,0.255,0.18
1.233,0.26,0.185
1.234,0.27,0.185
1.235,0.27,0.19
1.236,0.27,0.19
1.237,0.265,0.19
1.238,0.265,0.19
1.239,0.25,0.19
1.24,0.265,0.195
1.241,0.265,0.2
1.242,0.28,0.205
1.243,0.295,0.205
1.244,0.295,0.21
1.245,0.29,0.215
1.246,0.29,0.215
1.247,0.285,0.215
1.248,0.28,0.21
1.249,0.26,0.205
1.25,0.26,0.2
1.251,0.255,0.195
1.252,0.26,0.19
1.253,0.26,0.185
1.254,0.27,0.185
1.255,0.26,0.18
1.256,0.235,0.175
1.257,0.22,0.17
1.258,0.19,0.16
1.259,0.17,0.15
1.26,0.17,0.135
1.261,0.15,0.12
1.262,0.155,0.105
1.263,0.16,0.09
1.264,0.15,0.075
1.265,0.13,0.065
1.266,0.12,0.055
1.267,0.095,0.05
1.268,0.095,0.045
1.269,0.075,0.045
1.27,0.08,0.04
1.271,0.075,0.03
1.272,0.075,0.025
1.273,0.065,0.015
1.274,0.065,0.005
1.275,0.035,-0.005
1.276,0.03,-0.015
1.277,0.02,-0.02
1.278,0.015,-0.025
1.279,-0.005,-0.03
1.28,0,-0.03
1.281,0.01,-0.035
1.282,0.01,-0.035
1.283,0.01,-0.04
1.284,0.03,-0.05
1.285,0.015,-0.055
1.286,0.005,-0.06
1.287,-0.01,-0.065
1.288,-0.02,-0.065
1.289,-0.03,-0.065
1.29,-0.02,-0.065
1.291,-0.015,-0.06
1.292,-0.01,-0.06
1.293,-0.005,-0.06
1.294,0.01,-0.065
1.295,-0.01,-0.07
1.296,-0.005,-0.075
1.297,-0.025,-0.08
1.298,-0.055,-0.09
1.299,-0.04,-0.09
1.3,-0.035,-0.09
1.301,-0.01,-0.09
1.302,0,-0.085
1.303,0.005,-0.08
1.304,0.005,-0.075
1.305,-0.005,-0.075
1.306,-0.03,-0.075
1.307,-0.035,-0.08
1.308,-0.04,-0.085
1.309,-0.03,-0.09
1.31,-0.035,-0.095
1.311,-0.03,-0.1
1.312,-0.02,-0.1
1.313,-0.015,-0.1
1.314,-0.01,-0.1
1.315,-0.025,-0.09
1.316,-0.035,-0.085
1.317,-0.055,-0.075
1.318,-0.055,-0.07
1.319,-0.05,-0.065
1.32,-0.04,-0.06
1.321,-0.025,-0.065
1.322,-0.015,-0.065
1.323,-0.02,-0.07
1.324,-0.01,-0.075
1.325,-0.025,-0.08
1.326,-0.03,-0.085
1.327,-0.035,-0.085
1.328,-0.05,-0.09
1.329,-0.055,-0.09
1.33,-0.04,-0.09
1.331,-0.04,-0.085
1.332,-0.02,-0.085
1.333,-0.015,-0.08
1.334,-0.02,-0.08
1.335,-0.03,-0.075
1.336,-0.045,-0.075
1.337,-0.05,-0.07
1.338,-0.055,-0.07
1.339,-0.055,-0.07
1.34,-0.05,-0.07
1.341,-0.02,-0.075
1.342,-0.025,-0.075
1.343,-0.025,-0.08
1.344,-0.015,-0.085
1.345,-0.035,-0.085
1.346,-0.04,-0.085
1.347,-0.04,-0.085
1.348,-0.04,-0.085
1.349,-0.04,-0.08
1.35,-0.025,-0.08
1.351,-0.035,-0.075
1.352,-0.03,-0.075
1.353,-0.025,-0.075
1.354,-0.03,-0.075
1.355,-0.045,-0.075
1.356,-0.06,-0.08
1.357,-0.06,-0.08
1.358,-0.065,-0.08
1.359,-0.06,-0.08
1.36,-0.04,-0.08
1.361,-0.03,-0.08
1.362,-0.035,-0.08
1.363,-0.03,-0.08
1.364,-0.025,-0.085
1.365,-0.045,-0.09
1.366,-0.045,-0.09
1.367,-0.065,-0.095
1.368,-0.07,-0.095
1.369,-0.065,-0.1
1.37,-0.055,-0.1
1.371,-0.05,-0.1
1.372,-0.035,-0.095
1.373,-0.03,-0.095
1.374,-0.03,-0.095
1.375,-0.045,-0.09
1.376,-0.06,-0.09
1.377,-0.065,-0.09
1.378,-0.075,-0.09
1.379,-0.07,-0.09
1.38,-0.05,-0.095
1.381,-0.05,-0.095
1.382,-0.04,-0.095
1.383,-0.03,-0.09
1.384,-0.04,-0.09
1.385,-0.045,-0.085
1.386,-0.06,-0.08
1.387,-0.06,-0.075
1.388,-0.065,-0.07
1.389,-0.075,-0.07
1.39,-0.07,-0.065
1.391,-0.06,-0.065
1.392,-0.055,-0.065
1.393,-0.045,-0.07
1.394,-0.05,-0.075
1.395,-0.055,-0.08
1.396,-0.065,-0.09
1.397,-0.065,-0.095
1.398,-0.08,-0.095
1.399,-0.065,-0.1
1.4,-0.055,-0.095
1.401,-0.04,-0.095
1.402,-0.04,-0.09
1.403,-0.03,-0.08
1.404,-0.035,-0.08
1.405,-0.05,-0.075
1.406,-0.075,-0.075
1.407,-0.075,-0.075
1.408,-0.095,-0.08
1.409,-0.09,-0.085
1.41,-0.065,-0.085
1.411,-0.055,-0.09
1.412,-0.045,-0.095
1.413,-0.045,-0.095
1.414,-0.055,-0.095
1.415,-0.07,-0.095
1.416,-0.08,-0.095
1.417,-0.075,-0.095
1.418,-0.075,-0.095
1.419,-0.065,-0.095
1.42,-0.06,-0.1
1.421,-0.055,-0.1
1.422,-0.045,-0.1
1.423,-0.04,-0.1
1.424,-0.04,-0.1
1.425,-0.055,-0.1
1.426,-0.075,-0.1
1.427,-0.075,-0.1
1.428,-0.08,-0.1
1.429,-0.065,-0.095
1.43,-0.06,-0.095
1.431,-0.055,-0.095
1.432,-0.06,-0.09
1.433,-0.045,-0.085
1.434,-0.065,-0.085
1.435,-0.075,-0.08
1.436,-0.085,-0.075
1.437,-0.09,-0.075
1.438,-0.09,-0.07
1.439,-0.075,-0.07
1.44,-0.055,-0.075
1.441,-0.03,-0.075
1.442,-0.025,-0.08
1.443,-0.045,-0.085
1.444,-0.065,-0.09
1.445,-0.075,-0.09
1.446,-0.085,-0.09
1.447,-0.09,-0.09
1.448,-0.1,-0.09
1.449,-0.085,-0.085
1.45,-0.07,-0.085
1.451,-0.06,-0.08
1.452,-0.045,-0.08
1.453,-0.04,-0.08
1.454,-0.06,-0.08
1.455,-0.07,-0.08
1.456,-0.075,-0.08
1.457,-0.085,-0.085
1.458,-0.085,-0.085
1.459,-0.07,-0.085
1.46,-0.06,-0.08
1.461,-0.06,-0.08
1.462,-0.055,-0.08
1.463,-0.05,-0.075
1.464,-0.065,-0.075
1.465,-0.075,-0.07
1.466,-0.075,-0.07
1.467,-0.08,-0.065
1.468,-0.07,-0.065
1.469,-0.06,-0.065
1.47,-0.055,-0.065
1.471,-0.055,-0.065
1.472,-0.045,-0.065
1.473,-0.04,-0.07
1.474,-0.065,-0.075
1.475,-0.08,-0.08
1.476,-0.09,-0.08
1.477,-0.07,-0.085
1.478,-0.08,-0.085
1.479,-0.07,-0.085
1.48,-0.05,-0.08
1.481,-0.045,-0.075
1.482,-0.05,-0.075
1.483,-0.045,-0.07
1.484,-0.055,-0.07
1.485,-0.07,-0.07
1.486,-0.075,-0.07
1.487,-0.07,-0.07
1.488,-0.065,-0.07
1.489,-0.06,-0.07
1.49,-0.055,-0.065
1.491,-0.055,-0.065
1.492,-0.04,-0.06
1.493,-0.045,-0.06
1.494,-0.06,-0.055
1.495,-0.055,-0.055
1.496,-0.05,-0.055
1.497,-0.065,-0.055
1.498,-0.055,-0.055
1.499,-0.04,-0.055
1.5,-0.035,-0.055
1.501,-0.015,-0.055
1.502,-0.02,-0.055
1.503,-0.03,-0.05
1.504,-0.035,-0.05
1.505,-0.05,-0.045
1.506,-0.05,-0.045
1.507,-0.05,-0.04
1.508,-0.05,-0.04
1.509,-0.04,-0.035
1.51,-0.02,-0.03
1.511,0.005,-0.025
1.512,0.01,-0.02
1.513,0.015,-0.02
1.514,0,-0.015
1.515,0,-0.01
1.516,-0.015,-0.005
1.517,-0.02,-0.005
1.518,-0.02,-0.005
1.519,-0.02,-0.005
1.52,-0.005,-0.005
1.521,0.01,-0.005
1.522,0.045,-0.01
1.523,0.025,-0.01
1.524,0.005,-0.01
1.525,0,-0.01
1.526,-0.025,-0.01
1.527,-0.045,-0.01
1.528,-0.04,-0.01
1.529,-0.025,-0.01
1.53,-0.025,-0.015
1.531,-0.03,-0.015
1.532,-0.03,-0.02
1.533,-0.05,-0.025
1.534,-0.06,-0.03
1.535,-0.075,-0.04
1.536,-0.085,-0.045
1.537,-0.09,-0.055
1.538,-0.09,-0.06
1.539,-0.07,-0.07
1.54,-0.07,-0.075
1.541,-0.055,-0.075
1.542,-0.045,-0.08
1.543,-0.055,-0.08
1.544,-0.07,-0.075
1.545,-0.08,-0.07
1.546,-0.08,-0.07
1.547,-0.09,-0.065
1.548,-0.09,-0.06
1.549,-0.08,-0.06
1.55,-0.06,-0.055
1.551,-0.06,-0.055
1.552,-0.06,-0.06
1.553,-0.08,-0.06
1.554,-0.08,-0.065
1.555,-0.085,-0.065
1.556,-0.105,-0.07
1.557,-0.11,-0.075
1.558,-0.1,-0.075
1.559,-0.08,-0.08
1.56,-0.075,-0.085
1.561,-0.065,-0.085
1.562,-0.055,-0.085
1.563,-0.07,-0.085
1.564,-0.085,-0.085
1.565,-0.1,-0.085
1.566,-0.11,-0.085
1.567,-0.105,-0.085
1.568,-0.09,-0.085
1.569,-0.085,-0.085
1.57,-0.08,-0.085
1.571,-0.075,-0.085
1.572,-0.05,-0.08
1.573,-0.08,-0.08
1.574,-0.085,-0.075
1.575,-0.09,-0.075
1.576,-0.11,-0.07
1.577,-0.12,-0.07
1.578,-0.105,-0.07
1.579,-0.095,-0.075
1.58,-0.1,-0.08
1.581,-0.1,-0.085
1.582,-0.105,-0.09
1.583,-0.125,-0.095
1.584,-0.13,-0.095
1.585,-0.125,-0.09
1.586,-0.125,-0.08
1.587,-0.09,-0.06
1.588,-0.02,-0.03
1.589,0.045,0.015
1.59,0.095,0.07
1.591,0.155,0.135
1.592,0.235,0.215
1.593,0.275,0.305
1.594,0.36,0.395
1.595,0.46,0.485
1.596,0.59,0.56
1.597,0.67,0.625
1.598,0.675,0.665
1.599,0.675,0.67
1.6,0.62,0.65
1.601,0.575,0.59
1.602,0.465,0.505
1.603,0.38,0.4
1.604,0.27,0.28
1.605,0.135,0.165
1.606,-0.01,0.055
1.607,-0.13,-0.035
1.608,-0.18,-0.1
1.609,-0.185,-0.135
1.61,-0.15,-0.15
1.611,-0.135,-0.15
1.612,-0.11,-0.135
1.613,-0.085,-0.11
1.614,-0.07,-0.09
1.615,-0.07,-0.075
1.616,-0.075,-0.06
1.617,-0.06,-0.05
1.618,-0.05,-0.045
1.619,-0.05,-0.045
1.62,-0.035,-0.04
1.621,-0.03,-0.035
1.622,-0.035,-0.03
1.623,-0.05,-0.025
1.624,-0.06,-0.02
1.625,-0.06,-0.015
1.626,-0.06,-0.015
1.627,-0.065,-0.015
1.628,-0.05,-0.02
1.629,-0.04,-0.02
1.63,-0.03,-0.025
1.631,-0.04,-0.025
1.632,-0.03,-0.025
1.633,-0.045,-0.025
1.634,-0.065,-0.025
1.635,-0.06,-0.025
1.636,-0.065,-0.02
1.637,-0.04,-0.025
1.638,-0.04,-0.025
1.639,-0.02,-0.025
1.64,-0.01,-0.025
1.641,-0.015,-0.02
1.642,-0.015,-0.02
1.643,-0.03,-0.015
1.644,-0.045,-0.015
1.645,-0.04,-0.01
1.646,-0.055,-0.01
1.647,-0.045,-0.005
1.648,-0.03,-0.005
1.649,-0.01,-0.005
1.65,0.005,-0.005
1.651,0.01,-0.01
1.652,0,-0.01
1.653,-0.025,-0.01
1.654,-0.03,-0.005
1.655,-0.035,-0.01
1.656,-0.065,-0.01
1.657,-0.04,-0.01
1.658,-0.015,-0.01
1.659,-0.015,-0.01
1.66,-0.005,-0.01
1.661,0.015,-0.01
1.662,0.01,-0.01
1.663,0.005,-0.005
1.664,-0.005,0
1.665,-0.01,0.005
1.666,-0.015,0.01
1.667,0,0.015
1.668,-0.005,0.015
1.669,0,0.02
1.67,0.01,0.02
1.671,0.025,0.025
1.672,0.03,0.025
1.673,0.015,0.03
1.674,0.015,0.035
1.675,0,0.04
1.676,0.01,0.05
1.677,0.01,0.055
1.678,0.03,0.06
1.679,0.045,0.06
1.68,0.055,0.065
1.681,0.065,0.065
1.682,0.07,0.065
1.683,0.065,0.065
1.684,0.06,0.065
1.685,0.05,0.07
1.686,0.065,0.075
1.687,0.07,0.085
1.688,0.1,0.09
1.689,0.11,0.095
1.69,0.115,0.105
1.691,0.13,0.11
1.692,0.13,0.115
1.693,0.12,0.12
1.694,0.115,0.125
1.695,0.115,0.13
1.696,0.125,0.135
1.697,0.14,0.145
1.698,0.155,0.15
1.699,0.17,0.16
1.7,0.165,0.165
1.701,0.175,0.175
1.702,0.165,0.18
1.703,0.17,0.185
1.704,0.185,0.185
1.705,0.18,0.19
1.706,0.175,0.195
1.707,0.195,0.195
1.708,0.2,0.2
1.709,0.21,0.205
1.71,0.195,0.21
1.711,0.215,0.21
1.712,0.195,0.215
1.713,0.195,0.22
1.714,0.19,0.225
1.715,0.17,0.225
1.716,0.165,0.225
1.717,0.17,0.22
1.718,0.185,0.215
1.719,0.17,0.205
1.72,0.175,0.195
1.721,0.17,0.18
1.722,0.175,0.17
1.723,0.13,0.155
1.724,0.125,0.145
1.725,0.12,0.14
1.726,0.105,0.135
1.727,0.105,0.135
1.728,0.11,0.135
1.729,0.105,0.135
1.73,0.1,0.13
1.731,0.09,0.125
1.732,0.075,0.115
1.733,0.065,0.1
1.734,0.045,0.08
1.735,0.025,0.065
1.736,0.005,0.045
1.737,0.005,0.03
1.738,-0.005,0.02
1.739,0.005,0.015
1.74,0.005,0.015
1.741,0,0.015
1.742,-0.015,0.015
1.743,-0.025,0.015
1.744,-0.03,0.015
1.745,-0.045,0.01
1.746,-0.05,0
1.747,-0.05,-0.005
1.748,-0.035,-0.015
1.749,-0.035,-0.025
1.75,-0.02,-0.025
1.751,-0.02,-0.03
1.752,-0.035,-0.03
1.753,-0.04,-0.03
1.754,-0.055,-0.03
1.755,-0.055,-0.03
1.756,-0.045,-0.03
1.757,-0.04,-0.03
1.758,-0.045,-0.035
1.759,-0.05,-0.035
1.76,-0.055,-0.04
1.761,-0.055,-0.045
1.762,-0.075,-0.05
1.763,-0.075,-0.05
1.764,-0.07,-0.05
1.765,-0.075,-0.05
1.766,-0.075,-0.05
1.767,-0.06,-0.05
1.768,-0.055,-0.045
1.769,-0.055,-0.045
1.77,-0.05,-0.045
1.771,-0.045,-0.05
1.772,-0.05,-0.05
1.773,-0.06,-0.055
1.774,-0.065,-0.055
1.775,-0.08,-0.055
1.776,-0.07,-0.055
1.777,-0.06,-0.055
1.778,-0.055,-0.05
1.779,-0.035,-0.05
1.78,-0.02,-0.045
1.781,-0.025,-0.04
1.782,-0.045,-0.035
1.783,-0.07,-0.03
1.784,-0.07,-0.03
1.785,-0.075,-0.035
1.786,-0.055,-0.04
1.787,-0.045,-0.045
1.788,-0.02,-0.05
1.789,-0.035,-0.055
1.79,-0.025,-0.06
1.791,-0.025,-0.06
1.792,-0.04,-0.065
1.793,-0.055,-0.065
1.794,-0.065,-0.065
1.795,-0.07,-0.065
1.796,-0.065,-0.06
1.797,-0.045,-0.055
1.798,-0.04,-0.05
1.799,-0.04,-0.05
1.8,-0.025,-0.045
1.801,-0.01,-0.045
1.802,-0.035,-0.045
1.803,-0.045,-0.045
1.804,-0.05,-0.05
1.805,-0.065,-0.05
1.806,-0.065,-0.055
1.807,-0.05,-0.055
1.808,-0.035,-0.055
1.809,-0.035,-0.055
1.81,-0.02,-0.05
1.811,-0.015,-0.04
1.812,-0.03,-0.03
1.813,-0.035,-0.025
1.814,-0.045,-0.02
1.815,-0.05,-0.015
1.816,-0.05,-0.015
1.817,-0.03,-0.02
1.818,-0.03,-0.025
1.819,-0.03,-0.03
1.82,-0.025,-0.04
1.821,-0.01,-0.045
1.822,-0.04,-0.045
1.823,-0.035,-0.045
1.824,-0.04,-0.045
1.825,-0.05,-0.04
1.826,-0.035,-0.035
1.827,-0.035,-0.03
1.828,-0.015,-0.03
1.829,-0.025,-0.025
1.83,-0.015,-0.025
1.831,-0.015,-0.025
1.832,-0.025,-0.025
1.833,-0.04,-0.03
1.834,-0.04,-0.03
1.835,-0.05,-0.035
1.836,-0.055,-0.035
1.837,-0.04,-0.04
1.838,-0.03,-0.04
1.839,-0.025,-0.045
1.84,-0.025,-0.045
1.841,-0.03,-0.05
1.842,-0.035,-0.05
1.843,-0.06,-0.055
1.844,-0.06,-0.06
1.845,-0.07,-0.06
1.846,-0.06,-0.06
1.847,-0.035,-0.06
1.848,-0.03,-0.055
1.849,-0.01,-0.05
1.85,-0.025,-0.045
1.851,-0.025,-0.04
1.852,-0.04,-0.035
1.853,-0.055,-0.035
1.854,-0.07,-0.035
1.855,-0.075,-0.04
1.856,-0.04,-0.045
1.857,-0.045,-0.055
1.858,-0.04,-0.06
1.859,-0.045,-0.07
1.86,-0.03,-0.07
1.861,-0.035,-0.075
1.862,-0.05,-0.075
1.863,-0.055,-0.07
1.864,-0.065,-0.07
1.865,-0.07,-0.065
1.866,-0.065,-0.065
1.867,-0.06,-0.065
1.868,-0.05,-0.065
1.869,-0.04,-0.07
1.87,-0.03,-0.07
1.871,-0.045,-0.075
1.872,-0.055,-0.075
1.873,-0.05,-0.075
1.874,-0.06,-0.07
1.875,-0.07,-0.07
1.876,-0.045,-0.065
1.877,-0.04,-0.06
1.878,-0.03,-0.055
1.879,-0.025,-0.055
1.88,-0.04,-0.05
1.881,-0.04,-0.05
1.882,-0.055,-0.05
1.883,-0.055,-0.05
1.884,-0.065,-0.05
1.885,-0.065,-0.05
1.886,-0.065,-0.055
1.887,-0.06,-0.055
1.888,-0.025,-0.06
1.889,-0.03,-0.065
1.89,-0.015,-0.07
1.891,-0.04,-0.075
1.892,-0.06,-0.075
1.893,-0.065,-0.08
1.894,-0.07,-0.08
1.895,-0.075,-0.075
1.896,-0.06,-0.07
1.897,-0.05,-0.065
1.898,-0.025,-0.06
1.899,-0.025,-0.055
1.9,-0.025,-0.055
1.901,-0.03,-0.055
1.902,-0.045,-0.06
1.903,-0.055,-0.065
1.904,-0.06,-0.065
1.905,-0.08,-0.07
1.906,-0.075,-0.075
1.907,-0.07,-0.08
1.908,-0.06,-0.085
1.909,-0.035,-0.085
1.91,-0.035,-0.09
1.911,-0.055,-0.09
1.912,-0.055,-0.09
1.913,-0.065,-0.09
1.914,-0.075,-0.09
1.915,-0.075,-0.09
1.916,-0.065,-0.085
1.917,-0.045,-0.085
1.918,-0.035,-0.08
1.919,-0.025,-0.08
1.92,-0.035,-0.075
1.921,-0.035,-0.07
1.922,-0.04,-0.07
1.923,-0.045,-0.065
1.924,-0.06,-0.065
1.925,-0.06,-0.065
1.926,-0.04,-0.065
1.927,-0.035,-0.065
1.928,-0.03,-0.07
1.929,-0.02,-0.07
1.93,-0.015,-0.075
1.931,-0.03,-0.075
1.932,-0.035,-0.075
1.933,-0.04,-0.07
1.934,-0.05,-0.07
1.935,-0.045,-0.065
1.936,-0.05,-0.06
1.937,-0.025,-0.055
1.938,0.005,-0.045
1.939,0.01,-0.04
1.94,0.02,-0.035
1.941,0.03,-0.035
1.942,0.035,-0.03
1.943,0.03,-0.025
1.944,0.035,-0.02
1.945,0.025,-0.015
1.946,0.04,-0.01
1.947,0.045,0
1.948,0.055,0.005
1.949,0.065,0.01
1.95,0.075,0.015
1.951,0.065,0.02
1.952,0.055,0.02
1.953,0.045,0.025
1.954,0.04,0.025
1.955,0.055,0.03
1.956,0.065,0.03
1.957,0.09,0.035
1.958,0.105,0.04
1.959,0.125,0.045
1.96,0.13,0.045
1.961,0.095,0.05
1.962,0.09,0.055
1.963,0.1,0.06
1.964,0.09,0.06
1.965,0.095,0.06
1.966,0.1,0.06
1.967,0.11,0.06
1.968,0.125,0.06
1.969,0.135,0.06
1.97,0.145,0.065
1.971,0.145,0.065
1.972,0.13,0.07
1.973,0.135,0.075
1.974,0.12,0.08
1.975,0.125,0.085
1.976,0.125,0.09
1.977,0.135,0.09
1.978,0.145,0.095
1.979,0.155,0.1
1.98,0.17,0.105
1.981,0.16,0.11
1.982,0.165,0.11
1.983,0.165,0.115
1.984,0.155,0.115
1.985,0.155,0.115
1.986,0.16,0.115
1.987,0.155,0.115
1.988,0.165,0.115
1.989,0.18,0.11
1.99,0.165,0.105
1.991,0.16,0.1
1.992,0.16,0.1
1.993,0.16,0.1
1.994,0.14,0.095
1.995,0.13,0.095
1.996,0.14,0.095
1.997,0.14,0.095
1.998,0.135,0.095
1.999,0.135,0.095
2,0.13,0.09
2.001,0.11,0.085
2.002,0.11,0.085
2.003,0.095,0.08
2.004,0.09,0.075
2.005,0.095,0.075
2.006,0.105,0.075
2.007,0.12,0.07
2.008,0.125,0.07
2.009,0.12,0.065
2.01,0.11,0.06
2.011,0.105,0.055
2.012,0.09,0.05
2.013,0.085,0.045
2.014,0.07,0.04
2.015,0.085,0.04
2.016,0.105,0.035
2.017,0.1,0.035
2.018,0.105,0.04
2.019,0.1,0.04
2.02,0.095,0.035
2.021,0.08,0.035
2.022,0.07,0.03
2.023,0.075,0.025
2.024,0.055,0.02
2.025,0.07,0.015
2.026,0.07,0.01
2.027,0.08,0.01
2.028,0.085,0.01
2.029,0.1,0.015
2.03,0.085,0.02
2.031,0.065,0.025
2.032,0.06,0.03
2.033,0.05,0.035
2.034,0.05,0.04
2.035,0.055,0.04
2.036,0.07,0.04
2.037,0.08,0.035
2.038,0.085,0.03
2.039,0.085,0.025
2.04,0.07,0.02
2.041,0.065,0.015
2.042,0.065,0.015
2.043,0.045,0.015
2.044,0.065,0.015
2.045,0.065,0.015
2.046,0.065,0.015
2.047,0.07,0.015
2.048,0.06,0.01
2.049,0.07,0.005
2.05,0.06,-0.005
2.051,0.035,-0.01
2.052,0.03,-0.015
2.053,0.04,-0.015
2.054,0.055,-0.005
2.055,0.085,0.015
2.056,0.13,0.045
2.057,0.185,0.09
2.058,0.235,0.145
2.059,0.29,0.21
2.06,0.33,0.285
2.061,0.395,0.365
2.062,0.5,0.445
2.063,0.605,0.52
2.064,0.705,0.585
2.065,0.755,0.63
2.066,0.755,0.655
2.067,0.74,0.655
2.068,0.695,0.63
2.069,0.615,0.57
2.07,0.515,0.49
2.071,0.43,0.39
2.072,0.325,0.28
2.073,0.19,0.165
2.074,0.07,0.065
2.075,-0.015,-0.015
2.076,-0.045,-0.075
2.077,-0.04,-0.105
2.078,-0.02,-0.115
2.079,0.015,-0.1
2.08,0.025,-0.08
2.081,0.025,-0.05
2.082,0.04,-0.02
2.083,0.06,0.005
2.084,0.085,0.02
2.085,0.09,0.03
2.086,0.1,0.03
2.087,0.12,0.03
2.088,0.11,0.03
2.089,0.09,0.03
2.09,0.075,0.03
2.091,0.07,0.035
2.092,0.065,0.04
2.093,0.07,0.04
2.094,0.07,0.04
2.095,0.085,0.04
2.096,0.09,0.035
2.097,0.105,0.03
2.098,0.105,0.025
2.099,0.11,0.02
2.1,0.095,0.015
2.101,0.095,0.015
2.102,0.085,0.015
2.103,0.085,0.015
2.104,0.085,0.02
2.105,0.1,0.02
2.106,0.11,0.025
2.107,0.12,0.025
2.108,0.13,0.025
2.109,0.11,0.03
2.11,0.09,0.03
2.111,0.075,0.025
2.112,0.07,0.025
2.113,0.07,0.025
2.114,0.075,0.025
2.115,0.095,0.025
2.116,0.115,0.025
2.117,0.125,0.025
2.118,0.13,0.03
2.119,0.125,0.03
2.12,0.115,0.03
2.121,0.105,0.03
2.122,0.1,0.03
2.123,0.105,0.03
2.124,0.11,0.03
2.125,0.12,0.03
2.126,0.125,0.03
2.127,0.125,0.035
2.128,0.13,0.035
2.129,0.13,0.04
2.13,0.105,0.045
2.131,0.105,0.05
2.132,0.12,0.055
2.133,0.105,0.06
2.134,0.11,0.065
2.135,0.12,0.065
2.136,0.13,0.07
2.137,0.145,0.065
2.138,0.165,0.065
2.139,0.15,0.06
2.14,0.14,0.055
2.141,0.13,0.05
2.142,0.125,0.05
2.143,0.13,0.05
2.144,0.13,0.05
2.145,0.14,0.055
2.146,0.14,0.055
2.147,0.145,0.06
2.148,0.165,0.065
2.149,0.17,0.07
2.15,0.16,0.075
2.151,0.16,0.08
2.152,0.165,0.085
2.153,0.16,0.095
2.154,0.185,0.1
2.155,0.18,0.11
2.156,0.195,0.12
2.157,0.2,0.125
2.158,0.21,0.13
2.159,0.205,0.135
2.16,0.2,0.14
2.161,0.2,0.14
2.162,0.2,0.14
2.163,0.2,0.145
2.164,0.215,0.145
2.165,0.225,0.15
2.166,0.25,0.155
2.167,0.26,0.165
2.168,0.27,0.17
2.169,0.255,0.18
2.17,0.255,0.185
2.171,0.26,0.19
2.172,0.26,0.19
2.173,0.245,0.19
2.174,0.26,0.19
2.175,0.27,0.19
2.176,0.265,0.185
2.177,0.27,0.185
2.178,0.255,0.185
2.179,0.265,0.185
2.18,0.26,0.19
2.181,0.245,0.195
2.182,0.24,0.195
2.183,0.235,0.195
2.184,0.24,0.195
2.185,0.255,0.19
2.186,0.235,0.19
2.187,0.24,0.18
2.188,0.24,0.175
2.189,0.22,0.165
2.19,0.2,0.155
2.191,0.18,0.145
2.192,0.165,0.135
2.193,0.15,0.125
2.194,0.155,0.11
2.195,0.155,0.1
2.196,0.15,0.09
2.197,0.135,0.075
2.198,0.12,0.06
2.199,0.09,0.05
2.2,0.085,0.04
2.201,0.07,0.03
2.202,0.05,0.02
2.203,0.04,0.01
2.204,0.045,0.005
2.205,0.045,0
2.206,0.04,-0.01
2.207,0.05,-0.015
2.208,0.045,-0.02
2.209,0.03,-0.025
2.21,0.01,-0.03
2.211,-0.005,-0.04
2.212,-0.015,-0.045
2.213,-0.025,-0.05
2.214,-0.015,-0.055
2.215,-0.01,-0.055
2.216,0,-0.06
2.217,0.005,-0.06
2.218,0.005,-0.065
2.219,-0.02,-0.065
2.22,-0.03,-0.07
2.221,-0.045,-0.08
2.222,-0.06,-0.085
2.223,-0.04,-0.095
2.224,-0.04,-0.1
2.225,-0.02,-0.105
2.226,-0.015,-0.11
2.227,-0.015,-0.11
2.228,-0.01,-0.11
2.229,-0.02,-0.11
2.23,-0.05,-0.105
2.231,-0.055,-0.105
2.232,-0.075,-0.1
2.233,-0.06,-0.1
2.234,-0.055,-0.1
2.235,-0.035,-0.1
2.236,-0.03,-0.105
2.237,-0.03,-0.105
2.238,-0.025,-0.105
2.239,-0.04,-0.105
2.24,-0.06,-0.105
2.241,-0.055,-0.105
2.242,-0.055,-0.105
2.243,-0.065,-0.105
2.244,-0.06,-0.11
2.245,-0.05,-0.11
2.246,-0.03,-0.115
2.247,-0.02,-0.115
2.248,-0.02,-0.115
2.249,-0.03,-0.12
2.25,-0.04,-0.12
2.251,-0.05,-0.115
2.252,-0.065,-0.115
2.253,-0.07,-0.11
2.254,-0.055,-0.11
2.255,-0.035,-0.105
2.256,-0.025,-0.105
2.257,-0.02,-0.105
2.258,-0.015,-0.105
2.259,-0.03,-0.105
2.26,-0.045,-0.105
2.261,-0.045,-0.11
2.262,-0.05,-0.11
2.263,-0.04,-0.11
2.264,-0.025,-0.11
2.265,-0.015,-0.105
2.266,-0.015,-0.105
2.267,0,-0.1
2.268,-0.01,-0.095
2.269,-0.035,-0.095
2.27,-0.055,-0.09
2.271,-0.04,-0.09
2.272,-0.065,-0.09
2.273,-0.04,-0.095
2.274,-0.05,-0.1
2.275,-0.035,-0.1
2.276,-0.01,-0.105
2.277,0.005,-0.105
2.278,-0.02,-0.105
2.279,-0.04,-0.105
2.28,-0.04,-0.1
2.281,-0.04,-0.09
2.282,-0.065,-0.085
2.283,-0.045,-0.08
2.284,-0.035,-0.075
2.285,-0.025,-0.07
2.286,-0.025,-0.07
2.287,-0.01,-0.075
2.288,-0.015,-0.08
2.289,-0.035,-0.085
2.29,-0.035,-0.09
2.291,-0.045,-0.095
2.292,-0.05,-0.095
2.293,-0.05,-0.095
2.294,-0.04,-0.09
2.295,-0.04,-0.09
2.296,-0.045,-0.085
2.297,-0.025,-0.085
2.298,-0.04,-0.085
2.299,-0.045,-0.085
2.3,-0.055,-0.085
2.301,-0.07,-0.09
2.302,-0.07,-0.09
2.303,-0.06,-0.09
2.304,-0.045,-0.09
2.305,-0.035,-0.09
2.306,-0.03,-0.085
2.307,-0.025,-0.08
2.308,-0.025,-0.08
2.309,-0.035,-0.08
2.31,-0.05,-0.08
2.311,-0.075,-0.085
2.312,-0.1,-0.09
2.313,-0.07,-0.095
2.314,-0.05,-0.1
2.315,-0.05,-0.1
2.316,-0.04,-0.105
2.317,-0.035,-0.105
2.318,-0.04,-0.11
2.319,-0.05,-0.105
2.32,-0.06,-0.105
2.321,-0.075,-0.105
2.322,-0.07,-0.105
2.323,-0.05,-0.1
2.324,-0.05,-0.1
2.325,-0.05,-0.095
2.326,-0.04,-0.095
2.327,-0.035,-0.095
2.328,-0.045,-0.095
2.329,-0.06,-0.095
2.33,-0.07,-0.1
2.331,-0.075,-0.1
2.332,-0.08,-0.105
2.333,-0.075,-0.105
2.334,-0.04,-0.105
2.335,-0.045,-0.11
2.336,-0.04,-0.11
2.337,-0.035,-0.11
2.338,-0.055,-0.11
2.339,-0.055,-0.11
2.34,-0.065,-0.115
2.341,-0.075,-0.115
2.342,-0.075,-0.115
2.343,-0.06,-0.12
2.344,-0.065,-0.12
2.345,-0.06,-0.12
2.346,-0.055,-0.115
2.347,-0.045,-0.11
2.348,-0.045,-0.105
2.349,-0.06,-0.1
2.35,-0.08,-0.095
2.351,-0.07,-0.09
2.352,-0.075,-0.09
2.353,-0.06,-0.09
2.354,-0.055,-0.09
2.355,-0.065,-0.095
2.356,-0.045,-0.1
2.357,-0.045,-0.105
2.358,-0.05,-0.105
2.359,-0.065,-0.11
2.36,-0.065,-0.11
2.361,-0.075,-0.105
2.362,-0.08,-0.105
2.363,-0.065,-0.1
2.364,-0.055,-0.095
2.365,-0.05,-0.095
2.366,-0.05,-0.09
2.367,-0.04,-0.09
2.368,-0.06,-0.09
2.369,-0.065,-0.095
2.37,-0.075,-0.095
2.371,-0.085,-0.1
2.372,-0.08,-0.105
2.373,-0.065,-0.11
2.374,-0.06,-0.11
2.375,-0.055,-0.115
2.376,-0.05,-0.11
2.377,-0.035,-0.11
2.378,-0.065,-0.105
2.379,-0.07,-0.1
2.38,-0.055,-0.095
2.381,-0.085,-0.09
2.382,-0.07,-0.085
2.383,-0.065,-0.085
2.384,-0.045,-0.09
2.385,-0.06,-0.095
2.386,-0.05,-0.105
2.387,-0.045,-0.11
2.388,-0.07,-0.115
2.389,-0.08,-0.12
2.39,-0.075,-0.125
2.391,-0.085,-0.12
2.392,-0.09,-0.115
2.393,-0.07,-0.11
2.394,-0.05,-0.105
2.395,-0.055,-0.095
2.396,-0.045,-0.09
2.397,-0.04,-0.085
2.398,-0.05,-0.085
2.399,-0.075,-0.085
2.4,-0.075,-0.085
2.401,-0.09,-0.09
2.402,-0.09,-0.09
2.403,-0.075,-0.095
2.404,-0.07,-0.095
2.405,-0.06,-0.095
2.406,-0.045,-0.095
2.407,-0.05,-0.095
2.408,-0.065,-0.095
2.409,-0.08,-0.09
2.41,-0.075,-0.09
2.411,-0.075,-0.09
2.412,-0.065,-0.09
2.413,-0.065,-0.09
2.414,-0.065,-0.09
2.415,-0.065,-0.09
2.416,-0.05,-0.095
2.417,-0.065,-0.095
2.418,-0.075,-0.095
2.419,-0.075,-0.1
2.42,-0.075,-0.1
2.421,-0.085,-0.1
2.422,-0.075,-0.1
2.423,-0.06,-0.095
2.424,-0.04,-0.09
2.425,-0.04,-0.085
2.426,-0.03,-0.08
2.427,-0.03,-0.075
2.428,-0.045,-0.065
2.429,-0.055,-0.06
2.43,-0.055,-0.06
2.431,-0.05,-0.055
2.432,-0.045,-0.055
2.433,-0.04,-0.055
2.434,-0.035,-0.055
2.435,-0.015,-0.055
2.436,0,-0.055
2.437,-0.005,-0.05
2.438,-0.015,-0.05
2.439,-0.02,-0.05
2.44,-0.02,-0.045
2.441,-0.015,-0.04
2.442,0,-0.035
2.443,-0.01,-0.035
2.444,0.005,-0.03
2.445,0.01,-0.025
2.446,0.01,-0.025
2.447,-0.005,-0.025
2.448,-0.01,-0.025
2.449,-0.015,-0.025
2.45,-0.015,-0.03
2.451,-0.025,-0.03
2.452,-0.02,-0.035
2.453,-0.01,-0.04
2.454,0.01,-0.04
2.455,0,-0.045
2.456,-0.005,-0.045
2.457,-0.03,-0.05
2.458,-0.045,-0.05
2.459,-0.06,-0.055
2.46,-0.065,-0.06
2.461,-0.08,-0.06
2.462,-0.08,-0.065
2.463,-0.07,-0.07
2.464,-0.065,-0.07
2.465,-0.05,-0.075
2.466,-0.045,-0.075
2.467,-0.06,-0.075
2.468,-0.065,-0.075
2.469,-0.075,-0.08
2.47,-0.09,-0.08
2.471,-0.105,-0.08
2.472,-0.085,-0.08
2.473,-0.065,-0.085
2.474,-0.065,-0.09
2.475,-0.07,-0.09
2.476,-0.055,-0.095
2.477,-0.06,-0.1
2.478,-0.075,-0.1
2.479,-0.095,-0.105
2.48,-0.105,-0.105
2.481,-0.12,-0.105
2.482,-0.11,-0.105
2.483,-0.075,-0.105
2.484,-0.08,-0.105
2.485,-0.07,-0.105
2.486,-0.06,-0.1
2.487,-0.08,-0.1
2.488,-0.095,-0.1
2.489,-0.11,-0.1
2.49,-0.1,-0.1
2.491,-0.09,-0.095
2.492,-0.095,-0.095
2.493,-0.085,-0.09
2.494,-0.075,-0.085
2.495,-0.075,-0.085
2.496,-0.065,-0.085
2.497,-0.08,-0.085
2.498,-0.1,-0.085
2.499,-0.1,-0.085
2.5,-0.1,-0.09
2.501,-0.1,-0.095
2.502,-0.09,-0.095
2.503,-0.09,-0.1
2.504,-0.08,-0.1
2.505,-0.095,-0.105
2.506,-0.09,-0.105
2.507,-0.1,-0.11
2.508,-0.105,-0.115
2.509,-0.125,-0.115
2.51,-0.145,-0.12
2.511,-0.145,-0.115
2.512,-0.115,-0.11
2.513,-0.075,-0.09
2.514,-0.02,-0.065
2.515,0.035,-0.02
2.516,0.09,0.03
2.517,0.12,0.1
2.518,0.18,0.175
2.519,0.245,0.26
2.52,0.325,0.35
2.521,0.425,0.435
2.522,0.555,0.51
2.523,0.64,0.57
2.524,0.65,0.605
2.525,0.645,0.61
2.526,0.595,0.59
2.527,0.52,0.54
2.528,0.425,0.465
2.529,0.335,0.365
2.53,0.245,0.26
2.531,0.13,0.15
2.532,0.02,0.045
2.533,-0.09,-0.04
2.534,-0.165,-0.105
2.535,-0.17,-0.145
2.536,-0.145,-0.165
2.537,-0.125,-0.165
2.538,-0.125,-0.15
2.539,-0.115,-0.135
2.54,-0.105,-0.115
2.541,-0.095,-0.095
2.542,-0.07,-0.085
2.543,-0.06,-0.075
2.544,-0.04,-0.075
2.545,-0.04,-0.075
2.546,-0.035,-0.075
2.547,-0.055,-0.07
2.548,-0.07,-0.07
2.549,-0.085,-0.065
2.55,-0.085,-0.06
2.551,-0.08,-0.055
2.552,-0.065,-0.05
2.553,-0.05,-0.05
2.554,-0.035,-0.05
2.555,-0.025,-0.05
2.556,-0.025,-0.05
2.557,-0.03,-0.05
2.558,-0.025,-0.05
2.559,-0.06,-0.045
2.56,-0.075,-0.045
2.561,-0.07,-0.045
2.562,-0.06,-0.045
2.563,-0.05,-0.045
2.564,-0.05,-0.045
2.565,-0.03,-0.045
2.566,-0.03,-0.045
2.567,-0.04,-0.04
2.568,-0.05,-0.04
2.569,-0.05,-0.035
2.57,-0.06,-0.035
2.571,-0.05,-0.03
2.572,-0.045,-0.03
2.573,-0.03,-0.03
2.574,-0.015,-0.03
2.575,-0.01,-0.03
2.576,-0.03,-0.03
2.577,-0.035,-0.03
2.578,-0.035,-0.03
2.579,-0.04,-0.03
2.58,-0.04,-0.025
2.581,-0.03,-0.02
2.582,-0.015,-0.015
2.583,-0.01,-0.01
2.584,-0.005,-0.005
2.585,0.01,-0.005
2.586,0.005,0
2.587,-0.02,0
2.588,-0.03,0
2.589,-0.04,0
2.59,-0.045,0
2.591,-0.045,0
2.592,-0.02,0
2.593,-0.01,0
2.594,0.005,0.005
2.595,0.02,0.005
2.596,0.015,0.01
2.597,0,0.015
2.598,-0.005,0.015
2.599,-0.015,0.02
2.6,-0.01,0.02
2.601,0.005,0.02
2.602,0.015,0.025
2.603,0.02,0.025
2.604,0.03,0.025
2.605,0.05,0.025
2.606,0.035,0.03
2.607,0.02,0.035
2.608,0.025,0.04
2.609,0.03,0.045
2.61,0.03,0.05
2.611,0.05,0.055
2.612,0.06,0.06
2.613,0.08,0.065
2.614,0.085,0.07
2.615,0.11,0.075
2.616,0.1,0.08
2.617,0.08,0.085
2.618,0.075,0.09
2.619,0.07,0.095
2.62,0.08,0.1
2.621,0.095,0.105
2.622,0.115,0.115
2.623,0.125,0.12
2.624,0.15,0.13
2.625,0.16,0.135
2.626,0.16,0.145
2.627,0.16,0.15
2.628,0.145,0.16
2.629,0.145,0.165
2.63,0.135,0.17
2.631,0.16,0.175
2.632,0.175,0.175
2.633,0.185,0.18
2.634,0.19,0.185
2.635,0.195,0.185
2.636,0.19,0.185
2.637,0.185,0.185
2.638,0.175,0.185
2.639,0.17,0.185
2.64,0.165,0.185
2.641,0.18,0.185
2.642,0.175,0.185
2.643,0.175,0.185
2.644,0.17,0.185
2.645,0.175,0.18
2.646,0.155,0.18
2.647,0.145,0.18
2.648,0.13,0.175
2.649,0.115,0.17
2.65,0.105,0.165
2.651,0.11,0.155
2.652,0.115,0.145
2.653,0.11,0.135
2.654,0.11,0.125
2.655,0.105,0.115
2.656,0.08,0.105
2.657,0.065,0.1
2.658,0.045,0.09
2.659,0.015,0.08
2.66,0.01,0.07
2.661,0.015,0.06
2.662,0.015,0.05
2.663,0.015,0.035
2.664,0,0.025
2.665,0.015,0.015
2.666,0.015,0.005
2.667,-0.02,0
2.668,-0.035,-0.005
2.669,-0.045,-0.005
2.67,-0.04,-0.005
2.671,-0.04,-0.005
2.672,-0.035,-0.005
2.673,-0.04,-0.005
2.674,-0.025,-0.01
2.675,-0.02,-0.015
2.676,-0.045,-0.015
2.677,-0.05,-0.02
2.678,-0.065,-0.025
2.679,-0.07,-0.03
2.68,-0.065,-0.035
2.681,-0.045,-0.035
2.682,-0.045,-0.035
2.683,-0.055,-0.035
2.684,-0.045,-0.03
2.685,-0.045,-0.03
2.686,-0.055,-0.025
2.687,-0.07,-0.025
2.688,-0.08,-0.025
2.689,-0.085,-0.025
2.69,-0.085,-0.03
2.691,-0.085,-0.035
2.692,-0.06,-0.04
2.693,-0.065,-0.045
2.694,-0.045,-0.05
2.695,-0.05,-0.055
2.696,-0.06,-0.06
2.697,-0.075,-0.065
2.698,-0.09,-0.065
2.699,-0.085,-0.06
2.7,-0.07,-0.06
2.701,-0.065,-0.055
2.702,-0.06,-0.05
2.703,-0.04,-0.05
2.704,-0.045,-0.045
2.705,-0.05,-0.04
2.706,-0.055,-0.04
2.707,-0.06,-0.035
2.708,-0.07,-0.035
2.709,-0.08,-0.03
2.71,-0.075,-0.03
2.711,-0.06,-0.03
2.712,-0.065,-0.03
2.713,-0.05,-0.03
2.714,-0.03,-0.035
2.715,-0.04,-0.035
2.716,-0.055,-0.04
2.717,-0.055,-0.04
2.718,-0.055,-0.04
2.719,-0.06,-0.04
2.72,-0.06,-0.035
2.721,-0.045,-0.035
2.722,-0.025,-0.03
2.723,-0.02,-0.025
2.724,-0.01,-0.02
2.725,-0.025,-0.015
2.726,-0.055,-0.015
2.727,-0.06,-0.015
2.728,-0.065,-0.01
2.729,-0.065,-0.01
2.73,-0.055,-0.01
2.731,-0.045,-0.01
2.732,-0.035,-0.01
2.733,-0.025,-0.01
2.734,-0.025,-0.01
2.735,-0.035,-0.01
2.736,-0.05,-0.01
2.737,-0.045,-0.015
2.738,-0.05,-0.02
2.739,-0.055,-0.02
2.74,-0.05,-0.025
2.741,-0.04,-0.025
2.742,-0.025,-0.03
2.743,-0.02,-0.03
2.744,-0.015,-0.025
2.745,-0.02,-0.025
2.746,-0.035,-0.025
2.747,-0.035,-0.025
2.748,-0.045,-0.025
2.749,-0.055,-0.025
2.75,-0.045,-0.025
2.751,-0.035,-0.03
2.752,-0.035,-0.03
2.753,-0.03,-0.035
2.754,-0.025,-0.035
2.755,-0.03,-0.035
2.756,-0.045,-0.035
2.757,-0.04,-0.035
2.758,-0.05,-0.03
2.759,-0.055,-0.025
2.76,-0.06,-0.02
2.761,-0.04,-0.02
2.762,-0.03,-0.015
2.763,-0.03,-0.015
2.764,-0.03,-0.015
2.765,-0.05,-0.015
2.766,-0.055,-0.015
2.767,-0.06,-0.015
2.768,-0.06,-0.02
2.769,-0.07,-0.02
2.77,-0.06,-0.025
2.771,-0.05,-0.025
2.772,-0.045,-0.03
2.773,-0.04,-0.03
2.774,-0.03,-0.03
2.775,-0.04,-0.035
2.776,-0.06,-0.035
2.777,-0.06,-0.04
2.778,-0.065,-0.04
2.779,-0.07,-0.04
2.78,-0.065,-0.04
2.781,-0.055,-0.04
2.782,-0.045,-0.04
2.783,-0.045,-0.04
2.784,-0.045,-0.035
2.785,-0.055,-0.035
2.786,-0.05,-0.03
2.787,-0.055,-0.03
2.788,-0.07,-0.03
2.789,-0.07,-0.03
2.79,-0.065,-0.03
2.791,-0.06,-0.035
2.792,-0.045,-0.04
2.793,-0.04,-0.04
2.794,-0.05,-0.045
2.795,-0.055,-0.045
2.796,-0.05,-0.045
2.797,-0.06,-0.04
2.798,-0.07,-0.04
2.799,-0.07,-0.035
2.8,-0.06,-0.035
2.801,-0.055,-0.035
2.802,-0.055,-0.04
2.803,-0.045,-0.045
2.804,-0.055,-0.055
2.805,-0.065,-0.06
2.806,-0.07,-0.065
2.807,-0.065,-0.065
2.808,-0.075,-0.065
2.809,-0.085,-0.065
2.81,-0.07,-0.06
2.811,-0.06,-0.055
2.812,-0.05,-0.05
2.813,-0.05,-0.045
2.814,-0.045,-0.045
2.815,-0.055,-0.045
2.816,-0.065,-0.045
2.817,-0.055,-0.045
2.818,-0.065,-0.045
2.819,-0.07,-0.05
2.82,-0.055,-0.05
2.821,-0.055,-0.05
2.822,-0.06,-0.05
2.823,-0.04,-0.05
2.824,-0.03,-0.05
2.825,-0.05,-0.05
2.826,-0.065,-0.05
2.827,-0.085,-0.05
2.828,-0.065,-0.05
2.829,-0.07,-0.05
2.83,-0.06,-0.055
2.831,-0.04,-0.055
2.832,-0.045,-0.055
2.833,-0.045,-0.055
2.834,-0.04,-0.055
2.835,-0.055,-0.055
2.836,-0.065,-0.055
2.837,-0.08,-0.055
2.838,-0.09,-0.055
2.839,-0.08,-0.05
2.84,-0.065,-0.05
2.841,-0.05,-0.045
2.842,-0.05,-0.045
2.843,-0.05,-0.045
2.844,-0.055,-0.045
2.845,-0.07,-0.05
2.846,-0.06,-0.05
2.847,-0.065,-0.055
2.848,-0.065,-0.055
2.849,-0.08,-0.06
2.85,-0.065,-0.06
2.851,-0.055,-0.06
2.852,-0.045,-0.06
2.853,-0.045,-0.06
2.854,-0.045,-0.065
2.855,-0.055,-0.065
2.856,-0.065,-0.065
2.857,-0.065,-0.07
2.858,-0.075,-0.07
2.859,-0.075,-0.07
2.86,-0.065,-0.075
2.861,-0.04,-0.07
2.862,-0.04,-0.07
2.863,-0.035,-0.065
2.864,-0.04,-0.06
2.865,-0.045,-0.06
2.866,-0.06,-0.055
2.867,-0.055,-0.055
2.868,-0.075,-0.06
2.869,-0.07,-0.06
2.87,-0.055,-0.065
2.871,-0.035,-0.075
2.872,-0.045,-0.08
2.873,-0.045,-0.085
2.874,-0.055,-0.09
2.875,-0.065,-0.09
2.876,-0.07,-0.085
2.877,-0.075,-0.08
2.878,-0.09,-0.075
2.879,-0.07,-0.07
2.88,-0.055,-0.065
2.881,-0.05,-0.06
2.882,-0.04,-0.06
2.883,-0.04,-0.065
2.884,-0.04,-0.065
2.885,-0.065,-0.07
2.886,-0.06,-0.07
2.887,-0.085,-0.07
2.888,-0.075,-0.07
2.889,-0.075,-0.07
2.89,-0.05,-0.065
2.891,-0.03,-0.06
2.892,-0.01,-0.055
2.893,0,-0.055
2.894,-0.015,-0.055
2.895,-0.025,-0.055
2.896,-0.04,-0.055
2.897,-0.05,-0.05
2.898,-0.045,-0.05
2.899,-0.035,-0.05
2.9,-0.02,-0.045
2.901,-0.01,-0.04
2.902,0,-0.035
2.903,0.02,-0.03
2.904,-0.01,-0.025
2.905,-0.02,-0.02
2.906,-0.01,-0.02
2.907,-0.01,-0.02
2.908,-0.015,-0.02
2.909,0,-0.02
2.91,0.025,-0.02
2.911,0.03,-0.015
2.912,0.04,-0.005
2.913,0.04,0
2.914,0.05,0.015
2.915,0.055,0.025
2.916,0.07,0.035
2.917,0.07,0.045
2.918,0.075,0.055
2.919,0.085,0.065
2.92,0.105,0.07
2.921,0.12,0.075
2.922,0.13,0.08
2.923,0.135,0.085
2.924,0.115,0.09
2.925,0.11,0.09
2.926,0.1,0.095
2.927,0.085,0.1
2.928,0.08,0.1
2.929,0.1,0.1
2.93,0.1,0.1
2.931,0.11,0.095
2.932,0.105,0.09
2.933,0.115,0.085
2.934,0.105,0.08
2.935,0.105,0.075
2.936,0.09,0.075
2.937,0.095,0.075
2.938,0.08,0.075
2.939,0.085,0.08
2.94,0.105,0.085
2.941,0.105,0.085
2.942,0.12,0.09
2.943,0.12,0.09
2.944,0.11,0.09
2.945,0.09,0.09
2.946,0.09,0.09
2.947,0.08,0.09
2.948,0.065,0.085
2.949,0.075,0.085
2.95,0.09,0.085
2.951,0.095,0.085
2.952,0.095,0.08
2.953,0.12,0.08
2.954,0.1,0.08
2.955,0.09,0.075
2.956,0.1,0.075
2.957,0.085,0.07
2.958,0.07,0.07
2.959,0.07,0.07
2.96,0.085,0.07
2.961,0.1,0.07
2.962,0.1,0.07
2.963,0.09,0.07
2.964,0.1,0.07
2.965,0.085,0.07
2.966,0.085,0.07
2.967,0.07,0.065
2.968,0.07,0.065
2.969,0.075,0.06
2.97,0.075,0.055
2.971,0.07,0.055
2.972,0.085,0.05
2.973,0.07,0.045
2.974,0.07,0.04
2.975,0.055,0.035
2.976,0.045,0.03
2.977,0.03,0.03
2.978,0.03,0.03
2.979,0.05,0.04
2.98,0.08,0.06
2.981,0.14,0.085
2.982,0.215,0.13
2.983,0.26,0.18
2.984,0.305,0.25
2.985,0.365,0.325
2.986,0.415,0.415
2.987,0.495,0.505
2.988,0.595,0.595
2.989,0.73,0.675
2.99,0.85,0.74
2.991,0.865,0.78
2.992,0.86,0.795
2.993,0.81,0.775
2.994,0.73,0.725
2.995,0.635,0.645
2.996,0.545,0.545
2.997,0.425,0.43
2.998,0.315,0.31
2.999,0.205,0.195
3,0.09,0.1
3.001,0.01,0.03
3.002,0.01,-0.015
3.003,0.04,-0.035
3.004,0.03,-0.03
3.005,0.04,-0.015
3.006,0.05,0.01
3.007,0.07,0.035
3.008,0.09,0.06
3.009,0.115,0.075
3.01,0.12,0.085
3.011,0.13,0.085
3.012,0.13,0.085
3.013,0.12,0.085
3.014,0.11,0.08
3.015,0.105,0.08
3.016,0.095,0.085
3.017,0.085,0.085
3.018,0.09,0.085
3.019,0.1,0.09
3.02,0.105,0.085
3.021,0.11,0.085
3.022,0.125,0.08
3.023,0.125,0.075
3.024,0.11,0.075
3.025,0.105,0.07
3.026,0.105,0.065
3.027,0.085,0.065
3.028,0.09,0.065
3.029,0.105,0.065
3.03,0.105,0.06
3.031,0.11,0.06
3.032,0.115,0.06
3.033,0.12,0.06
3.034,0.105,0.06
3.035,0.095,0.06
3.036,0.095,0.065
3.037,0.085,0.065
3.038,0.095,0.07
3.039,0.11,0.07
3.04,0.12,0.075
3.041,0.125,0.075
3.042,0.135,0.075
3.043,0.145,0.075
3.044,0.13,0.075
3.045,0.11,0.075
3.046,0.105,0.075
3.047,0.11,0.075
3.048,0.115,0.075
3.049,0.13,0.08
3.05,0.125,0.085
3.051,0.145,0.09
3.052,0.16,0.095
3.053,0.15,0.1
3.054,0.135,0.105
3.055,0.12,0.105
3.056,0.12,0.105
3.057,0.12,0.105
3.058,0.12,0.105
3.059,0.135,0.105
3.06,0.145,0.105
3.061,0.165,0.105
3.062,0.175,0.105
3.063,0.165,0.11
3.064,0.16,0.11
3.065,0.165,0.115
3.066,0.165,0.12
3.067,0.15,0.12
3.068,0.145,0.12
3.069,0.155,0.12
3.07,0.155,0.12
3.071,0.155,0.12
3.072,0.16,0.12
3.073,0.145,0.12
3.074,0.165,0.12
3.075,0.175,0.12
3.076,0.165,0.125
3.077,0.155,0.13
3.078,0.175,0.14
3.079,0.19,0.145
3.08,0.2,0.15
3.081,0.225,0.16
3.082,0.22,0.165
3.083,0.23,0.17
3.084,0.23,0.175
3.085,0.24,0.185
3.086,0.23,0.19
3.087,0.225,0.2
3.088,0.245,0.205
3.089,0.255,0.215
3.09,0.26,0.22
3.091,0.29,0.23
3.092,0.285,0.235
3.093,0.27,0.24
3.094,0.265,0.245
3.095,0.295,0.25
3.096,0.315,0.255
3.097,0.3,0.255
3.098,0.3,0.26
3.099,0.3,0.26
3.1,0.31,0.265
3.101,0.325,0.27
3.102,0.32,0.27
3.103,0.325,0.275
3.104,0.315,0.275
3.105,0.315,0.28
3.106,0.305,0.28
3.107,0.3,0.285
3.108,0.305,0.285
3.109,0.315,0.285
3.11,0.31,0.285
3.111,0.31,0.28
3.112,0.305,0.275
3.113,0.295,0.27
3.114,0.285,0.26
3.115,0.27,0.245
3.116,0.24,0.235
3.117,0.225,0.22
3.118,0.22,0.21
3.119,0.22,0.195
3.12,0.22,0.185
3.121,0.21,0.175
3.122,0.195,0.165
3.123,0.165,0.15
3.124,0.15,0.14
3.125,0.14,0.125
3.126,0.135,0.11
3.127,0.1,0.095
3.128,0.1,0.085
3.129,0.095,0.07
3.13,0.12,0.065
3.131,0.105,0.055
3.132,0.1,0.05
3.133,0.08,0.045
3.134,0.05,0.04
3.135,0.035,0.035
3.136,0.025,0.025
3.137,0.015,0.015
3.138,0.005,0.005
3.139,0.02,-0.01
3.14,0.02,-0.02
3.141,0.02,-0.03
3.142,0.03,-0.035
3.143,0.015,-0.04
3.144,-0.01,-0.045
3.145,-0.035,-0.045
3.146,-0.03,-0.045
3.147,-0.02,-0.04
3.148,-0.015,-0.045
3.149,-0.01,-0.045
3.15,0,-0.045
3.151,0.005,-0.05
3.152,0.005,-0.055
3.153,-0.02,-0.06
3.154,-0.03,-0.06
3.155,-0.045,-0.06
3.156,-0.04,-0.06
3.157,-0.035,-0.06
3.158,-0.03,-0.06
3.159,-0.03,-0.06
3.16,-0.015,-0.06
3.161,-0.015,-0.065
3.162,-0.01,-0.07
3.163,-0.035,-0.07
3.164,-0.045,-0.075
3.165,-0.045,-0.08
3.166,-0.055,-0.08
3.167,-0.055,-0.08
3.168,-0.03,-0.08
3.169,-0.025,-0.08
3.17,-0.025,-0.075
3.171,-0.03,-0.075
3.172,-0.04,-0.07
3.173,-0.055,-0.07
3.174,-0.065,-0.07
3.175,-0.07,-0.07
3.176,-0.075,-0.075
3.177,-0.07,-0.075
3.178,-0.055,-0.075
3.179,-0.035,-0.075
3.18,-0.03,-0.075
3.181,-0.025,-0.075
3.182,-0.04,-0.075
3.183,-0.055,-0.075
3.184,-0.07,-0.08
3.185,-0.09,-0.085
3.186,-0.085,-0.085
3.187,-0.065,-0.09
3.188,-0.06,-0.095
3.189,-0.045,-0.095
3.19,-0.045,-0.1
3.191,-0.03,-0.095
3.192,-0.04,-0.095
3.193,-0.055,-0.09
3.194,-0.06,-0.09
3.195,-0.06,-0.085
3.196,-0.07,-0.085
3.197,-0.055,-0.085
3.198,-0.05,-0.085
3.199,-0.035,-0.085
3.2,-0.03,-0.08
3.201,-0.025,-0.08
3.202,-0.03,-0.08
3.203,-0.045,-0.075
3.204,-0.05,-0.075
3.205,-0.06,-0.075
3.206,-0.065,-0.07
3.207,-0.055,-0.07
3.208,-0.045,-0.075
3.209,-0.035,-0.075
3.21,-0.035,-0.08
3.211,-0.03,-0.085
3.212,-0.05,-0.09
3.213,-0.05,-0.09
3.214,-0.045,-0.095
3.215,-0.05,-0.095
3.216,-0.055,-0.095
3.217,-0.04,-0.095
3.218,-0.03,-0.09
3.219,-0.045,-0.09
3.22,-0.04,-0.085
3.221,-0.055,-0.085
3.222,-0.075,-0.085
3.223,-0.095,-0.085
3.224,-0.1,-0.09
3.225,-0.095,-0.095
3.226,-0.09,-0.1
3.227,-0.08,-0.105
3.228,-0.08,-0.11
3.229,-0.05,-0.11
3.23,-0.045,-0.115
3.231,-0.05,-0.115
3.232,-0.05,-0.115
3.233,-0.07,-0.11
3.234,-0.08,-0.11
3.235,-0.085,-0.105
3.236,-0.095,-0.1
3.237,-0.075,-0.1
3.238,-0.065,-0.095
3.239,-0.05,-0.095
3.24,-0.045,-0.095
3.241,-0.05,-0.1
3.242,-0.055,-0.1
3.243,-0.075,-0.1
3.244,-0.08,-0.1
3.245,-0.09,-0.1
3.246,-0.09,-0.1
3.247,-0.08,-0.1
3.248,-0.08,-0.1
3.249,-0.075,-0.1
3.25,-0.075,-0.105
3.251,-0.06,-0.105
3.252,-0.075,-0.11
3.253,-0.09,-0.115
3.254,-0.09,-0.12
3.255,-0.085,-0.125
3.256,-0.095,-0.13
3.257,-0.095,-0.13
3.258,-0.08,-0.13
3.259,-0.085,-0.135
3.26,-0.09,-0.135
3.261,-0.08,-0.135
3.262,-0.085,-0.13
3.263,-0.1,-0.13
3.264,-0.13,-0.13
3.265,-0.115,-0.125
3.266,-0.115,-0.125
3.267,-0.095,-0.12
3.268,-0.09,-0.12
3.269,-0.09,-0.12
3.27,-0.08,-0.12
3.271,-0.08,-0.125
3.272,-0.085,-0.125
3.273,-0.08,-0.13
3.274,-0.105,-0.135
3.275,-0.115,-0.145
3.276,-0.115,-0.145
3.277,-0.11,-0.15
3.278,-0.095,-0.15
3.279,-0.09,-0.15
3.28,-0.08,-0.145
3.281,-0.08,-0.14
3.282,-0.085,-0.14
3.283,-0.095,-0.135
3.284,-0.1,-0.135
3.285,-0.115,-0.13
3.286,-0.12,-0.13
3.287,-0.11,-0.13
3.288,-0.115,-0.13
3.289,-0.095,-0.13
3.29,-0.08,-0.13
3.291,-0.08,-0.13
3.292,-0.085,-0.13
3.293,-0.1,-0.13
3.294,-0.115,-0.13
3.295,-0.105,-0.13
3.296,-0.115,-0.13
3.297,-0.11,-0.13
3.298,-0.115,-0.13
3.299,-0.1,-0.13
3.3,-0.1,-0.13
3.301,-0.095,-0.125
3.302,-0.095,-0.125
3.303,-0.11,-0.12
3.304,-0.11,-0.12
3.305,-0.12,-0.12
3.306,-0.105,-0.12
3.307,-0.085,-0.125
3.308,-0.09,-0.125
3.309,-0.08,-0.13
3.31,-0.095,-0.13
3.311,-0.095,-0.13
3.312,-0.1,-0.13
3.313,-0.125,-0.13
3.314,-0.12,-0.125
3.315,-0.125,-0.12
3.316,-0.1,-0.115
3.317,-0.09,-0.11
3.318,-0.105,-0.11
3.319,-0.105,-0.105
3.32,-0.085,-0.105
3.321,-0.08,-0.105
3.322,-0.09,-0.105
3.323,-0.11,-0.105
3.324,-0.1,-0.11
3.325,-0.105,-0.11
3.326,-0.12,-0.11
3.327,-0.1,-0.115
3.328,-0.095,-0.115
3.329,-0.085,-0.115
3.33,-0.085,-0.115
3.331,-0.085,-0.115
3.332,-0.095,-0.11
3.333,-0.11,-0.105
3.334,-0.11,-0.1
3.335,-0.115,-0.095
3.336,-0.11,-0.09
3.337,-0.075,-0.09
3.338,-0.07,-0.09
3.339,-0.065,-0.09
3.34,-0.055,-0.09
3.341,-0.045,-0.095
3.342,-0.07,-0.095
3.343,-0.08,-0.095
3.344,-0.08,-0.095
3.345,-0.08,-0.095
3.346,-0.085,-0.09
3.347,-0.08,-0.085
3.348,-0.07,-0.085
3.349,-0.07,-0.085
3.35,-0.055,-0.085
3.351,-0.045,-0.085
3.352,-0.055,-0.085
3.353,-0.065,-0.08
3.354,-0.065,-0.08
3.355,-0.065,-0.075
3.356,-0.045,-0.065
3.357,-0.05,-0.06
3.358,-0.025,-0.05
3.359,-0.04,-0.04
3.36,-0.01,-0.035
3.361,-0.035,-0.03
3.362,-0.04,-0.025
3.363,-0.05,-0.025
3.364,-0.055,-0.025
3.365,-0.065,-0.03
3.366,-0.055,-0.035
3.367,-0.045,-0.04
3.368,-0.045,-0.05
3.369,-0.05,-0.06
3.37,-0.035,-0.065
3.371,-0.075,-0.075
3.372,-0.095,-0.08
3.373,-0.095,-0.09
3.374,-0.1,-0.095
3.375,-0.115,-0.1
3.376,-0.125,-0.1
3.377,-0.11,-0.105
3.378,-0.08,-0.105
3.379,-0.105,-0.11
3.38,-0.11,-0.115
3.381,-0.115,-0.115
3.382,-0.115,-0.12
3.383,-0.11,-0.125
3.384,-0.11,-0.125
3.385,-0.13,-0.125
3.386,-0.12,-0.125
3.387,-0.1,-0.12
3.388,-0.12,-0.115
3.389,-0.095,-0.115
3.39,-0.095,-0.11
3.391,-0.11,-0.105
3.392,-0.11,-0.105
3.393,-0.115,-0.105
3.394,-0.125,-0.105
3.395,-0.135,-0.11
3.396,-0.135,-0.11
3.397,-0.115,-0.115
3.398,-0.11,-0.12
3.399,-0.115,-0.12
3.4,-0.105,-0.125
3.401,-0.125,-0.13
3.402,-0.135,-0.13
3.403,-0.13,-0.135
3.404,-0.13,-0.135
3.405,-0.135,-0.13
3.406,-0.13,-0.13
3.407,-0.11,-0.125
3.408,-0.105,-0.12
3.409,-0.1,-0.12
3.41,-0.11,-0.115
3.411,-0.115,-0.115
3.412,-0.135,-0.115
3.413,-0.135,-0.12
3.414,-0.135,-0.125
3.415,-0.135,-0.13
3.416,-0.155,-0.13
3.417,-0.145,-0.135
3.418,-0.13,-0.135
3.419,-0.13,-0.135
3.42,-0.14,-0.135
3.421,-0.16,-0.135
3.422,-0.185,-0.135
3.423,-0.175,-0.13
3.424,-0.165,-0.125
3.425,-0.125,-0.11
3.426,-0.06,-0.08
3.427,-0.005,-0.04
3.428,0.045,0.015
3.429,0.105,0.085
3.43,0.18,0.17
3.431,0.245,0.255
3.432,0.33,0.345
3.433,0.435,0.425
3.434,0.515,0.49
3.435,0.555,0.53
3.436,0.555,0.55
3.437,0.525,0.54
3.438,0.48,0.5
3.439,0.415,0.44
3.44,0.36,0.355
3.441,0.255,0.26
3.442,0.135,0.16
3.443,-0.01,0.06
3.444,-0.115,-0.03
3.445,-0.195,-0.1
3.446,-0.215,-0.155
3.447,-0.215,-0.19
3.448,-0.19,-0.205
3.449,-0.165,-0.2
3.45,-0.16,-0.185
3.451,-0.15,-0.16
3.452,-0.125,-0.13
3.453,-0.105,-0.105
3.454,-0.11,-0.085
3.455,-0.09,-0.075
3.456,-0.09,-0.065
3.457,-0.08,-0.065
3.458,-0.08,-0.065
3.459,-0.08,-0.065
3.46,-0.085,-0.065
3.461,-0.09,-0.06
3.462,-0.105,-0.06
3.463,-0.115,-0.06
3.464,-0.115,-0.06
3.465,-0.115,-0.065
3.466,-0.095,-0.07
3.467,-0.095,-0.075
3.468,-0.095,-0.08
3.469,-0.075,-0.085
3.47,-0.085,-0.085
3.471,-0.095,-0.085
3.472,-0.095,-0.08
3.473,-0.09,-0.075
3.474,-0.105,-0.065
3.475,-0.09,-0.06
3.476,-0.065,-0.055
3.477,-0.075,-0.05
3.478,-0.075,-0.05
3.479,-0.065,-0.05
3.48,-0.06,-0.05
3.481,-0.07,-0.055
3.482,-0.09,-0.055
3.483,-0.095,-0.055
3.484,-0.1,-0.055
3.485,-0.09,-0.055
3.486,-0.065,-0.05
3.487,-0.06,-0.05
3.488,-0.055,-0.045
3.489,-0.03,-0.045
3.49,-0.055,-0.045
3.491,-0.07,-0.045
3.492,-0.07,-0.045
3.493,-0.075,-0.045
3.494,-0.07,-0.045
3.495,-0.07,-0.045
3.496,-0.06,-0.045
3.497,-0.055,-0.045
3.498,-0.05,-0.04
3.499,-0.04,-0.04
3.5,-0.055,-0.035
3.501,-0.05,-0.03
3.502,-0.045,-0.02
3.503,-0.055,-0.015
3.504,-0.06,-0.01
3.505,-0.04,-0.005
3.506,-0.03,0
3.507,-0.03,0
3.508,-0.02,0.005
3.509,-0.02,0.005
3.51,-0.035,0.01
3.511,-0.035,0.01
3.512,-0.035,0.015
3.513,-0.035,0.02
3.514,-0.04,0.02
3.515,-0.035,0.025
3.516,-0.005,0.03
3.517,0.02,0.03
3.518,0.02,0.035
3.519,0.02,0.035
3.52,0.01,0.03
3.521,0.015,0.03
3.522,0.01,0.03
3.523,0.01,0.03
3.524,0.015,0.035
3.525,0.02,0.04
3.526,0.025,0.045
3.527,0.02,0.055
3.528,0.035,0.065
3.529,0.055,0.075
3.53,0.065,0.085
3.531,0.055,0.095
3.532,0.06,0.1
3.533,0.06,0.11
3.534,0.07,0.115
3.535,0.1,0.12
3.536,0.115,0.125
3.537,0.115,0.13
3.538,0.105,0.135
3.539,0.125,0.14
3.54,0.125,0.145
3.541,0.115,0.15
3.542,0.105,0.155
3.543,0.115,0.16
3.544,0.11,0.16
3.545,0.125,0.16
3.546,0.125,0.16
3.547,0.13,0.16
3.548,0.145,0.16
3.549,0.15,0.16
3.55,0.135,0.16
3.551,0.13,0.165
3.552,0.13,0.165
3.553,0.115,0.17
3.554,0.11,0.175
3.555,0.13,0.175
3.556,0.135,0.18
3.557,0.135,0.175
3.558,0.13,0.175
3.559,0.13,0.17
3.56,0.115,0.165
3.561,0.085,0.155
3.562,0.075,0.15
3.563,0.065,0.14
3.564,0.06,0.13
3.565,0.055,0.12
3.566,0.05,0.11
3.567,0.03,0.1
3.568,0.04,0.09
3.569,0.03,0.08
3.57,0.02,0.07
3.571,-0.015,0.06
3.572,-0.025,0.055
3.573,-0.03,0.05
3.574,-0.03,0.045
3.575,-0.03,0.04
3.576,-0.03,0.035
3.577,-0.03,0.03
3.578,-0.02,0.025
3.579,-0.04,0.02
3.58,-0.05,0.01
3.581,-0.075,0
3.582,-0.085,-0.01
3.583,-0.08,-0.02
3.584,-0.08,-0.025
3.585,-0.065,-0.03
3.586,-0.07,-0.035
3.587,-0.065,-0.04
3.588,-0.055,-0.04
3.589,-0.075,-0.04
3.59,-0.09,-0.04
3.591,-0.115,-0.035
3.592,-0.1,-0.035
3.593,-0.11,-0.035
3.594,-0.115,-0.04
3.595,-0.105,-0.04
3.596,-0.095,-0.04
3.597,-0.09,-0.045
3.598,-0.075,-0.05
3.599,-0.06,-0.05
3.6,-0.095,-0.05
3.601,-0.1,-0.055
3.602,-0.125,-0.055
3.603,-0.115,-0.055
3.604,-0.115,-0.055
3.605,-0.1,-0.055
3.606,-0.1,-0.055
3.607,-0.1,-0.05
3.608,-0.09,-0.05
3.609,-0.09,-0.05
3.61,-0.1,-0.045
3.611,-0.11,-0.045
3.612,-0.105,-0.045
3.613,-0.115,-0.045
3.614,-0.105,-0.04
3.615,-0.09,-0.04
3.616,-0.08,-0.04
3.617,-0.075,-0.04
3.618,-0.075,-0.04
3.619,-0.095,-0.04
3.62,-0.1,-0.04
3.621,-0.105,-0.04
3.622,-0.12,-0.035
3.623,-0.12,-0.035
3.624,-0.115,-0.035
3.625,-0.095,-0.035
3.626,-0.095,-0.04
3.627,-0.09,-0.04
3.628,-0.07,-0.04
3.629,-0.095,-0.045
3.63,-0.095,-0.045
3.631,-0.09,-0.045
3.632,-0.105,-0.045
3.633,-0.11,-0.045
3.634,-0.09,-0.04
3.635,-0.07,-0.035
3.636,-0.07,-0.035
3.637,-0.07,-0.03
3.638,-0.07,-0.025
3.639,-0.085,-0.025
3.64,-0.1,-0.02
3.641,-0.1,-0.02
3.642,-0.1,-0.02
3.643,-0.11,-0.025
3.644,-0.11,-0.025
3.645,-0.09,-0.03
3.646,-0.09,-0.035
3.647,-0.07,-0.035
3.648,-0.07,-0.04
3.649,-0.075,-0.04
3.65,-0.095,-0.04
3.651,-0.11,-0.04
3.652,-0.1,-0.035
3.653,-0.1,-0.035
3.654,-0.095,-0.025
3.655,-0.095,-0.02
3.656,-0.08,-0.015
3.657,-0.075,-0.015
3.658,-0.05,-0.015
3.659,-0.065,-0.015
3.66,-0.085,-0.015
3.661,-0.09,-0.02
3.662,-0.11,-0.025
3.663,-0.115,-0.03
3.664,-0.1,-0.03
3.665,-0.095,-0.035
3.666,-0.085,-0.035
3.667,-0.065,-0.03
3.668,-0.06,-0.03
3.669,-0.065,-0.03
3.67,-0.095,-0.025
3.671,-0.12,-0.025
3.672,-0.1,-0.025
3.673,-0.1,-0.025
3.674,-0.105,-0.025
3.675,-0.085,-0.025
3.676,-0.075,-0.025
3.677,-0.075,-0.025
3.678,-0.07,-0.03
3.679,-0.085,-0.03
3.68,-0.1,-0.03
3.681,-0.115,-0.035
3.682,-0.12,-0.035
3.683,-0.115,-0.04
3.684,-0.1,-0.04
3.685,-0.08,-0.045
3.686,-0.09,-0.045
3.687,-0.09,-0.045
3.688,-0.07,-0.045
3.689,-0.095,-0.045
3.69,-0.115,-0.045
3.691,-0.115,-0.045
3.692,-0.115,-0.05
3.693,-0.12,-0.05
3.694,-0.115,-0.05
3.695,-0.095,-0.05
3.696,-0.1,-0.05
3.697,-0.095,-0.05
3.698,-0.075,-0.045
3.699,-0.095,-0.045
3.7,-0.11,-0.04
3.701,-0.125,-0.04
3.702,-0.12,-0.04
3.703,-0.1,-0.04
3.704,-0.115,-0.04
3.705,-0.11,-0.045
3.706,-0.1,-0.045
3.707,-0.08,-0.045
3.708,-0.095,-0.045
3.709,-0.095,-0.045
3.71,-0.11,-0.04
3.711,-0.13,-0.035
3.712,-0.12,-0.03
3.713,-0.125,-0.03
3.714,-0.12,-0.025
3.715,-0.11,-0.025
3.716,-0.105,-0.025
3.717,-0.095,-0.03
3.718,-0.1,-0.03
3.719,-0.105,-0.035
3.72,-0.12,-0.04
3.721,-0.12,-0.04
3.722,-0.125,-0.045
3.723,-0.12,-0.04
3.724,-0.105,-0.04
3.725,-0.095,-0.035
3.726,-0.095,-0.03
3.727,-0.09,-0.03
3.728,-0.1,-0.03
3.729,-0.105,-0.03
3.73,-0.115,-0.035
3.731,-0.115,-0.04
3.732,-0.14,-0.045
3.733,-0.135,-0.055
3.734,-0.12,-0.06
3.735,-0.12,-0.065
3.736,-0.11,-0.07
3.737,-0.105,-0.07
3.738,-0.095,-0.07
3.739,-0.115,-0.065
3.74,-0.13,-0.06
3.741,-0.13,-0.055
3.742,-0.115,-0.05
3.743,-0.125,-0.045
3.744,-0.105,-0.045
3.745,-0.105,-0.04
3.746,-0.095,-0.04
3.747,-0.095,-0.035
3.748,-0.11,-0.035
3.749,-0.105,-0.035
3.75,-0.105,-0.035
3.751,-0.115,-0.035
3.752,-0.135,-0.035
3.753,-0.145,-0.04
3.754,-0.115,-0.04
3.755,-0.1,-0.045
3.756,-0.11,-0.045
3.757,-0.095,-0.05
3.758,-0.095,-0.05
3.759,-0.11,-0.05
3.76,-0.115,-0.05
3.761,-0.12,-0.05
3.762,-0.13,-0.05
3.763,-0.14,-0.05
3.764,-0.125,-0.05
3.765,-0.115,-0.05
3.766,-0.1,-0.05
3.767,-0.1,-0.05
3.768,-0.11,-0.05
3.769,-0.105,-0.05
3.77,-0.105,-0.055
3.771,-0.1,-0.055
3.772,-0.125,-0.05
3.773,-0.105,-0.045
3.774,-0.08,-0.04
3.775,-0.08,-0.035
3.776,-0.06,-0.025
3.777,-0.065,-0.015
3.778,-0.065,-0.01
3.779,-0.08,-0.005
3.78,-0.095,-0.005
3.781,-0.1,-0.01
3.782,-0.11,-0.01
3.783,-0.105,-0.015
3.784,-0.075,-0.02
3.785,-0.05,-0.025
3.786,-0.05,-0.03
3.787,-0.045,-0.025
3.788,-0.05,-0.02
3.789,-0.065,-0.015
3.79,-0.07,-0.005
3.791,-0.055,0.005
3.792,-0.065,0.01
3.793,-0.055,0.02
3.794,-0.06,0.02
3.795,-0.04,0.025
3.796,-0.035,0.025
3.797,-0.03,0.02
3.798,-0.045,0.02
3.799,-0.06,0.015
3.8,-0.065,0.015
3.801,-0.065,0.015
3.802,-0.075,0.01
3.803,-0.075,0.01
3.804,-0.075,0.005
3.805,-0.075,0
3.806,-0.05,-0.01
3.807,-0.07,-0.02
3.808,-0.095,-0.03
3.809,-0.095,-0.04
3.81,-0.11,-0.05
3.811,-0.115,-0.055
3.812,-0.135,-0.06
3.813,-0.11,-0.06
3.814,-0.105,-0.06
3.815,-0.115,-0.06
3.816,-0.105,-0.055
3.817,-0.1,-0.055
3.818,-0.105,-0.055
3.819,-0.115,-0.055
3.82,-0.135,-0.055
3.821,-0.14,-0.055
3.822,-0.13,-0.06
3.823,-0.13,-0.06
3.824,-0.12,-0.06
3.825,-0.115,-0.06
3.826,-0.1,-0.06
3.827,-0.095,-0.06
3.828,-0.105,-0.06
3.829,-0.12,-0.06
3.83,-0.12,-0.06
3.831,-0.12,-0.065
3.832,-0.15,-0.07
3.833,-0.13,-0.07
3.834,-0.12,-0.075
3.835,-0.115,-0.075
3.836,-0.135,-0.08
3.837,-0.12,-0.075
3.838,-0.11,-0.075
3.839,-0.11,-0.07
3.84,-0.115,-0.07
3.841,-0.13,-0.065
3.842,-0.135,-0.065
3.843,-0.135,-0.065
3.844,-0.125,-0.065
3.845,-0.105,-0.065
3.846,-0.11,-0.065
3.847,-0.11,-0.065
3.848,-0.135,-0.065
3.849,-0.135,-0.07
3.85,-0.15,-0.07
3.851,-0.16,-0.08
3.852,-0.16,-0.085
3.853,-0.145,-0.095
3.854,-0.15,-0.1
3.855,-0.17,-0.105
3.856,-0.15,-0.105
3.857,-0.135,-0.1
3.858,-0.115,-0.085
3.859,-0.08,-0.055
3.86,-0.04,-0.02
3.861,0,0.03
3.862,0.03,0.09
3.863,0.095,0.15
3.864,0.155,0.22
3.865,0.24,0.29
3.866,0.345,0.355
3.867,0.415,0.415
3.868,0.5,0.46
3.869,0.485,0.49
3.87,0.465,0.495
3.871,0.395,0.485
3.872,0.35,0.445
3.873,0.285,0.385
3.874,0.24,0.305
3.875,0.175,0.215
3.876,0.085,0.12
3.877,-0.025,0.03
3.878,-0.135,-0.05
3.879,-0.22,-0.11
3.88,-0.225,-0.15
3.881,-0.205,-0.165
3.882,-0.18,-0.16
3.883,-0.15,-0.145
3.884,-0.135,-0.12
3.885,-0.11,-0.09
3.886,-0.095,-0.07
3.887,-0.085,-0.055
3.888,-0.075,-0.045
3.889,-0.095,-0.05
3.89,-0.105,-0.055
3.891,-0.125,-0.06
3.892,-0.12,-0.065
3.893,-0.12,-0.065
3.894,-0.11,-0.06
3.895,-0.095,-0.055
3.896,-0.08,-0.045
3.897,-0.075,-0.04
3.898,-0.085,-0.035
3.899,-0.1,-0.04
3.9,-0.12,-0.045
3.901,-0.125,-0.055
3.902,-0.11,-0.065
3.903,-0.12,-0.07
3.904,-0.115,-0.08
3.905,-0.1,-0.08
3.906,-0.09,-0.08
3.907,-0.085,-0.075
3.908,-0.1,-0.065
3.909,-0.1,-0.06
3.91,-0.09,-0.05
3.911,-0.095,-0.045
3.912,-0.085,-0.045
3.913,-0.09,-0.04
3.914,-0.09,-0.045
3.915,-0.085,-0.045
3.916,-0.065,-0.045
3.917,-0.075,-0.045
3.918,-0.08,-0.045
3.919,-0.075,-0.045
3.92,-0.08,-0.04
3.921,-0.1,-0.035
3.922,-0.09,-0.035
3.923,-0.07,-0.03
3.924,-0.055,-0.03
3.925,-0.065,-0.03
3.926,-0.065,-0.03
3.927,-0.06,-0.025
3.928,-0.035,-0.015
3.929,-0.025,-0.005
3.93,-0.015,0.005
3.931,0,0.02
3.932,0.015,0.035
3.933,0.04,0.05
3.934,0.04,0.07
3.935,0.075,0.08
3.936,0.085,0.09
3.937,0.085,0.1
3.938,0.09,0.11
3.939,0.095,0.115
3.94,0.07,0.125
3.941,0.08,0.13
3.942,0.1,0.135
3.943,0.1,0.14
3.944,0.12,0.145
3.945,0.135,0.145
3.946,0.145,0.15
3.947,0.125,0.15
3.948,0.135,0.155
3.949,0.13,0.16
3.95,0.115,0.17
3.951,0.135,0.175
3.952,0.145,0.185
3.953,0.18,0.195
3.954,0.19,0.205
3.955,0.175,0.21
3.956,0.185,0.215
3.957,0.19,0.22
3.958,0.18,0.22
3.959,0.185,0.215
3.96,0.18,0.215
3.961,0.185,0.215
3.962,0.195,0.22
3.963,0.215,0.225
3.964,0.21,0.235
3.965,0.22,0.245
3.966,0.25,0.26
3.967,0.255,0.27
3.968,0.25,0.28
3.969,0.26,0.29
3.97,0.245,0.3
3.971,0.26,0.305
3.972,0.26,0.31
3.973,0.285,0.31
3.974,0.275,0.315
3.975,0.305,0.315
3.976,0.305,0.32
3.977,0.295,0.32
3.978,0.29,0.325
3.979,0.27,0.325
3.98,0.275,0.325
3.981,0.28,0.325
3.982,0.285,0.325
3.983,0.295,0.32
3.984,0.32,0.32
3.985,0.29,0.32
3.986,0.32,0.32
3.987,0.305,0.32
3.988,0.3,0.325
3.989,0.28,0.325
3.99,0.26,0.325
3.991,0.27,0.325
3.992,0.26,0.32
3.993,0.27,0.315
3.994,0.27,0.31
3.995,0.265,0.3
3.996,0.265,0.29
3.997,0.24,0.275
3.998,0.215,0.265
3.999,0.225,0.255
4,0.21,0.245
4.001,0.18,0.235
4.002,0.175,0.23
4.003,0.17,0.22
4.004,0.17,0.21
4.005,0.185,0.2
4.006,0.16,0.19
4.007,0.145,0.18
4.008,0.125,0.17
4.009,0.115,0.16
4.01,0.1,0.155
4.011,0.11,0.15
4.012,0.105,0.145
4.013,0.1,0.14
4.014,0.13,0.135
4.015,0.11,0.13
4.016,0.105,0.13
4.017,0.085,0.125
4.018,0.07,0.12
4.019,0.065,0.115
4.02,0.065,0.115
4.021,0.06,0.11
4.022,0.075,0.11
4.023,0.075,0.11
4.024,0.07,0.105
4.025,0.065,0.105
4.026,0.065,0.105
4.027,0.06,0.1
4.028,0.045,0.095
4.029,0.035,0.09
4.03,0.035,0.08
4.031,0.02,0.075
4.032,0.035,0.07
4.033,0.05,0.065
4.034,0.05,0.065
4.035,0.07,0.065
4.036,0.07,0.07
4.037,0.05,0.075
4.038,0.05,0.08
4.039,0.04,0.085
4.04,0.03,0.085
4.041,0.035,0.085
4.042,0.05,0.08
4.043,0.05,0.075
4.044,0.07,0.07
4.045,0.08,0.065
4.046,0.055,0.06
4.047,0.045,0.06
4.048,0.04,0.06
4.049,0.03,0.06
4.05,0.04,0.065
4.051,0.02,0.065
4.052,0.04,0.065
4.053,0.05,0.065
4.054,0.05,0.065
4.055,0.06,0.065
4.056,0.045,0.065
4.057,0.035,0.06
4.058,0.035,0.06
4.059,0.025,0.06
4.06,0.025,0.06
4.061,0.03,0.06
4.062,0.04,0.06
4.063,0.05,0.06
4.064,0.055,0.06
4.065,0.065,0.055
4.066,0.05,0.055
4.067,0.045,0.055
4.068,0.03,0.055
4.069,0.02,0.05
4.07,0.015,0.05
4.071,0.01,0.05
4.072,0.015,0.05
4.073,0.03,0.05
4.074,0.04,0.05
4.075,0.05,0.045
4.076,0.04,0.045
4.077,0.025,0.045
4.078,0.02,0.04
4.079,0.005,0.04
4.08,0.01,0.04
4.081,0.01,0.04
4.082,0.03,0.04
4.083,0.035,0.04
4.084,0.045,0.04
4.085,0.035,0.04
4.086,0.035,0.035
4.087,0.015,0.035
4.088,0.01,0.03
4.089,0,0.03
4.09,-0.01,0.025
4.091,-0.005,0.02
4.092,0.015,0.02
4.093,0.015,0.015
4.094,0.01,0.015
4.095,0.025,0.02
4.096,0.015,0.02
4.097,0.005,0.02
4.098,-0.015,0.025
4.099,0.01,0.025
4.1,0.005,0.025
4.101,-0.005,0.025
4.102,0.005,0.02
4.103,0.01,0.015
4.104,0.02,0.01
4.105,0,0.005
4.106,0.01,0
4.107,-0.015,-0.005
4.108,-0.04,-0.005
4.109,-0.045,-0.01
4.11,-0.05,-0.01
4.111,-0.03,-0.01
4.112,-0.015,-0.005
4.113,-0.005,-0.005
4.114,0.01,-0.005
4.115,-0.03,-0.005
4.116,0,-0.005
4.117,-0.01,-0.005
4.118,-0.01,-0.01
4.119,-0.03,-0.01
4.12,-0.025,-0.01
4.121,-0.04,-0.015
4.122,-0.035,-0.015
4.123,-0.01,-0.02
4.124,-0.005,-0.02
4.125,-0.02,-0.02
4.126,-0.03,-0.02
4.127,-0.04,-0.02
4.128,-0.03,-0.02
4.129,-0.045,-0.015
4.13,-0.06,-0.015
4.131,-0.02,-0.015
4.132,0,-0.015
4.133,-0.025,-0.015
4.134,-0.02,-0.02
4.135,0.015,-0.02
4.136,-0.035,-0.02
4.137,-0.04,-0.025
4.138,-0.06,-0.03
4.139,-0.05,-0.03
4.14,-0.035,-0.035
4.141,-0.05,-0.04
4.142,-0.035,-0.045
4.143,-0.05,-0.05
4.144,-0.04,-0.05
4.145,-0.03,-0.05
4.146,-0.03,-0.045
4.147,-0.05,-0.04
4.148,-0.045,-0.035
4.149,-0.06,-0.03
4.15,-0.08,-0.025
4.151,-0.045,-0.025
4.152,-0.04,-0.025
4.153,-0.045,-0.03
4.154,-0.04,-0.04
4.155,-0.03,-0.05
4.156,-0.065,-0.06
4.157,-0.065,-0.065
4.158,-0.055,-0.07
4.159,-0.07,-0.075
4.16,-0.075,-0.07
4.161,-0.07,-0.065
4.162,-0.055,-0.06
4.163,-0.055,-0.05
4.164,-0.06,-0.045
4.165,-0.05,-0.045
4.166,-0.065,-0.045
4.167,-0.075,-0.045
4.168,-0.075,-0.05
4.169,-0.085,-0.055
4.17,-0.095,-0.06
4.171,-0.08,-0.065
4.172,-0.07,-0.07
4.173,-0.07,-0.075
4.174,-0.065,-0.08
4.175,-0.075,-0.08
4.176,-0.075,-0.085
4.177,-0.08,-0.085
4.178,-0.075,-0.085
4.179,-0.1,-0.085
4.18,-0.085,-0.085
4.181,-0.08,-0.085
4.182,-0.075,-0.085
4.183,-0.055,-0.08
4.184,-0.06,-0.075
4.185,-0.08,-0.07
4.186,-0.09,-0.07
4.187,-0.105,-0.065
4.188,-0.11,-0.065
4.189,-0.11,-0.07
4.19,-0.1,-0.07
4.191,-0.075,-0.07
4.192,-0.065,-0.07
4.193,-0.055,-0.07
4.194,-0.05,-0.07
4.195,-0.055,-0.065
4.196,-0.075,-0.06
4.197,-0.065,-0.055
4.198,-0.06,-0.05
4.199,-0.065,-0.045
4.2,-0.055,-0.04
4.201,-0.04,-0.04
4.202,-0.045,-0.045
4.203,-0.04,-0.05
4.204,-0.045,-0.055
4.205,-0.05,-0.06
4.206,-0.07,-0.065
4.207,-0.08,-0.07
4.208,-0.08,-0.07
4.209,-0.065,-0.065
4.21,-0.025,-0.06
4.211,-0.03,-0.055
4.212,-0.03,-0.045
4.213,-0.03,-0.03
4.214,0,-0.02
4.215,-0.01,-0.015
4.216,-0.02,-0.005
4.217,-0.035,-0.005
4.218,-0.04,-0.005
4.219,-0.045,-0.01
4.22,-0.04,-0.015
4.221,-0.025,-0.02
4.222,-0.03,-0.03
4.223,-0.03,-0.035
4.224,-0.025,-0.04
4.225,-0.005,-0.045
4.226,-0.035,-0.045
4.227,-0.045,-0.045
4.228,-0.065,-0.045
4.229,-0.1,-0.05
4.23,-0.085,-0.05
4.231,-0.08,-0.055
4.232,-0.08,-0.06
4.233,-0.08,-0.065
4.234,-0.08,-0.075
4.235,-0.09,-0.085
4.236,-0.1,-0.09
4.237,-0.115,-0.1
4.238,-0.12,-0.105
4.239,-0.135,-0.105
4.24,-0.13,-0.11
4.241,-0.105,-0.11
4.242,-0.115,-0.11
4.243,-0.1,-0.11
4.244,-0.105,-0.11
4.245,-0.095,-0.11
4.246,-0.1,-0.105
4.247,-0.12,-0.105
4.248,-0.13,-0.105
4.249,-0.135,-0.1
4.25,-0.12,-0.1
4.251,-0.115,-0.1
4.252,-0.105,-0.105
4.253,-0.105,-0.105
4.254,-0.105,-0.11
4.255,-0.12,-0.115
4.256,-0.14,-0.125
4.257,-0.135,-0.13
4.258,-0.13,-0.13
4.259,-0.145,-0.13
4.26,-0.13,-0.13
4.261,-0.11,-0.13
4.262,-0.11,-0.125
4.263,-0.13,-0.12
4.264,-0.115,-0.115
4.265,-0.11,-0.11
4.266,-0.125,-0.11
4.267,-0.14,-0.11
4.268,-0.14,-0.11
4.269,-0.16,-0.115
4.27,-0.13,-0.12
4.271,-0.125,-0.125
4.272,-0.13,-0.13
4.273,-0.15,-0.13
4.274,-0.12,-0.135
4.275,-0.145,-0.14
4.276,-0.16,-0.14
4.277,-0.175,-0.145
4.278,-0.16,-0.145
4.279,-0.195,-0.145
4.28,-0.185,-0.14
4.281,-0.14,-0.13
4.282,-0.09,-0.115
4.283,-0.045,-0.085
4.284,0.01,-0.045
4.285,0.05,0.005
4.286,0.07,0.07
4.287,0.12,0.145
4.288,0.19,0.225
4.289,0.28,0.305
4.29,0.39,0.38
4.291,0.505,0.44
4.292,0.52,0.475
4.293,0.51,0.49
4.294,0.47,0.475
4.295,0.385,0.43
4.296,0.33,0.36
4.297,0.25,0.275
4.298,0.155,0.175
4.299,0.06,0.08
4.3,-0.06,-0.015
4.301,-0.135,-0.09
4.302,-0.205,-0.15
4.303,-0.22,-0.185
4.304,-0.205,-0.205
4.305,-0.21,-0.205
4.306,-0.195,-0.195
4.307,-0.165,-0.175
4.308,-0.145,-0.155
4.309,-0.13,-0.14
4.31,-0.13,-0.125
4.311,-0.11,-0.115
4.312,-0.09,-0.11
4.313,-0.095,-0.105
4.314,-0.105,-0.1
4.315,-0.115,-0.1
4.316,-0.115,-0.1
4.317,-0.115,-0.095
4.318,-0.115,-0.095
4.319,-0.11,-0.095
4.32,-0.11,-0.095
4.321,-0.08,-0.095
4.322,-0.12,-0.1
4.323,-0.1,-0.1
4.324,-0.08,-0.105
4.325,-0.11,-0.105
4.326,-0.145,-0.105
4.327,-0.125,-0.105
4.328,-0.13,-0.1
4.329,-0.115,-0.09
4.33,-0.11,-0.085
4.331,-0.08,-0.075
4.332,-0.065,-0.07
4.333,-0.07,-0.065
4.334,-0.08,-0.06
4.335,-0.095,-0.06
4.336,-0.1,-0.065
4.337,-0.095,-0.065
4.338,-0.115,-0.07
4.339,-0.11,-0.075
4.34,-0.085,-0.08
4.341,-0.09,-0.08
4.342,-0.065,-0.075
4.343,-0.04,-0.07
4.344,-0.065,-0.065
4.345,-0.045,-0.06
4.346,-0.08,-0.05
4.347,-0.065,-0.045
4.348,-0.1,-0.04
4.349,-0.105,-0.04
4.35,-0.095,-0.04
4.351,-0.08,-0.045
4.352,-0.07,-0.05
4.353,-0.06,-0.055
4.354,-0.08,-0.06
4.355,-0.08,-0.065
4.356,-0.075,-0.065
4.357,-0.055,-0.065
4.358,-0.095,-0.065
4.359,-0.075,-0.06
4.36,-0.055,-0.055
4.361,-0.035,-0.05
4.362,-0.03,-0.05
4.363,-0.03,-0.045
4.364,-0.035,-0.045
4.365,-0.045,-0.045
4.366,-0.04,-0.045
4.367,-0.045,-0.04
4.368,-0.045,-0.035
4.369,-0.045,-0.035
4.37,-0.035,-0.025
4.371,-0.015,-0.02
4.372,0,-0.015
4.373,0.005,-0.01
4.374,0,-0.005
4.375,-0.015,-0.005
4.376,-0.02,0
4.377,-0.025,0
4.378,-0.015,0.005
4.379,0,0.01
4.38,-0.01,0.015
4.381,0.02,0.02
4.382,0.03,0.025
4.383,0.05,0.03
4.384,0.055,0.035
4.385,0.045,0.04
4.386,0.04,0.04
4.387,0.03,0.045
4.388,0.03,0.045
4.389,0.035,0.055
4.39,0.055,0.06
4.391,0.065,0.07
4.392,0.085,0.085
4.393,0.13,0.1
4.394,0.1,0.11
4.395,0.075,0.12
4.396,0.09,0.13
4.397,0.09,0.135
4.398,0.095,0.135
4.399,0.095,0.135
4.4,0.11,0.13
4.401,0.12,0.13
4.402,0.13,0.13
4.403,0.15,0.13
4.404,0.135,0.135
4.405,0.1,0.14
4.406,0.1,0.145
4.407,0.115,0.15
4.408,0.095,0.15
4.409,0.115,0.145
4.41,0.125,0.14
4.411,0.11,0.135
4.412,0.125,0.13
4.413,0.115,0.125
4.414,0.105,0.125
4.415,0.09,0.12
4.416,0.085,0.12
4.417,0.07,0.12
4.418,0.06,0.12
4.419,0.06,0.115
4.42,0.05,0.105
4.421,0.095,0.095
4.422,0.045,0.08
4.423,0.04,0.065
4.424,0.03,0.05
4.425,-0.005,0.035
4.426,-0.015,0.025
4.427,-0.01,0.015
4.428,-0.035,0.005
4.429,-0.04,0
4.43,-0.03,-0.005
4.431,-0.04,-0.01
4.432,-0.05,-0.015
4.433,-0.04,-0.02
4.434,-0.06,-0.03
4.435,-0.1,-0.035
4.436,-0.105,-0.04
4.437,-0.105,-0.045
4.438,-0.115,-0.055
4.439,-0.095,-0.06
4.44,-0.09,-0.065
4.441,-0.065,-0.075
4.442,-0.085,-0.08
4.443,-0.09,-0.085
4.444,-0.115,-0.09
4.445,-0.135,-0.09
4.446,-0.135,-0.09
4.447,-0.115,-0.09
4.448,-0.125,-0.09
4.449,-0.125,-0.085
4.45,-0.12,-0.085
4.451,-0.11,-0.085
4.452,-0.095,-0.09
4.453,-0.1,-0.09
4.454,-0.115,-0.095
4.455,-0.125,-0.1
4.456,-0.14,-0.105
4.457,-0.145,-0.105
4.458,-0.14,-0.11
4.459,-0.12,-0.105
4.46,-0.115,-0.105
4.461,-0.105,-0.1
4.462,-0.105,-0.09
4.463,-0.1,-0.085
4.464,-0.115,-0.08
4.465,-0.12,-0.08
4.466,-0.135,-0.08
4.467,-0.14,-0.085
4.468,-0.14,-0.085
4.469,-0.125,-0.09
4.47,-0.105,-0.095
4.471,-0.11,-0.1
4.472,-0.1,-0.1
4.473,-0.105,-0.095
4.474,-0.1,-0.09
4.475,-0.105,-0.085
4.476,-0.11,-0.08
4.477,-0.125,-0.07
4.478,-0.14,-0.065
4.479,-0.125,-0.065
4.48,-0.115,-0.065
4.481,-0.135,-0.07
4.482,-0.105,-0.08
4.483,-0.11,-0.085
4.484,-0.12,-0.095
4.485,-0.125,-0.1
4.486,-0.125,-0.105
4.487,-0.125,-0.105
4.488,-0.12,-0.105
4.489,-0.125,-0.1
4.49,-0.11,-0.09
4.491,-0.095,-0.085
4.492,-0.09,-0.075
4.493,-0.095,-0.07
4.494,-0.105,-0.065
4.495,-0.11,-0.065
4.496,-0.1,-0.065
4.497,-0.12,-0.07
4.498,-0.13,-0.07
4.499,-0.125,-0.07
4.5,-0.105,-0.075
4.501,-0.105,-0.075
4.502,-0.095,-0.075
4.503,-0.105,-0.08
4.504,-0.11,-0.08
4.505,-0.1,-0.08
4.506,-0.13,-0.08
4.507,-0.135,-0.08
4.508,-0.125,-0.08
4.509,-0.11,-0.08
4.51,-0.11,-0.08
4.511,-0.095,-0.075
4.512,-0.09,-0.07
4.513,-0.08,-0.065
4.514,-0.085,-0.065
4.515,-0.095,-0.06
4.516,-0.12,-0.055
4.517,-0.12,-0.055
4.518,-0.13,-0.055
4.519,-0.115,-0.055
4.52,-0.12,-0.055
4.521,-0.1,-0.055
4.522,-0.09,-0.055
4.523,-0.095,-0.055
4.524,-0.11,-0.055
4.525,-0.12,-0.05
4.526,-0.12,-0.05
4.527,-0.12,-0.05
4.528,-0.12,-0.055
4.529,-0.11,-0.055
4.53,-0.11,-0.055
4.531,-0.1,-0.06
4.532,-0.1,-0.06
4.533,-0.11,-0.065
4.534,-0.12,-0.065
4.535,-0.125,-0.07
4.536,-0.12,-0.075
4.537,-0.13,-0.075
4.538,-0.135,-0.08
4.539,-0.125,-0.085
4.54,-0.115,-0.085
4.541,-0.105,-0.09
4.542,-0.095,-0.09
4.543,-0.125,-0.09
4.544,-0.13,-0.09
4.545,-0.135,-0.085
4.546,-0.135,-0.085
4.547,-0.145,-0.08
4.548,-0.125,-0.08
4.549,-0.115,-0.08
4.55,-0.13,-0.08
4.551,-0.115,-0.075
4.552,-0.115,-0.075
4.553,-0.11,-0.075
4.554,-0.125,-0.07
4.555,-0.125,-0.07
4.556,-0.135,-0.065
4.557,-0.13,-0.065
4.558,-0.125,-0.065
4.559,-0.125,-0.065
4.56,-0.13,-0.07
4.561,-0.125,-0.07
4.562,-0.12,-0.075
4.563,-0.14,-0.08
4.564,-0.14,-0.08
4.565,-0.14,-0.08
4.566,-0.145,-0.08
4.567,-0.16,-0.08
4.568,-0.14,-0.08
4.569,-0.13,-0.08
4.57,-0.12,-0.075
4.571,-0.115,-0.075
4.572,-0.11,-0.07
4.573,-0.13,-0.07
4.574,-0.14,-0.07
4.575,-0.14,-0.07
4.576,-0.15,-0.07
4.577,-0.155,-0.07
4.578,-0.135,-0.07
4.579,-0.125,-0.075
4.58,-0.11,-0.075
4.581,-0.1,-0.075
4.582,-0.1,-0.075
4.583,-0.13,-0.075
4.584,-0.125,-0.07
4.585,-0.14,-0.07
4.586,-0.15,-0.07
4.587,-0.15,-0.07
4.588,-0.13,-0.07
4.589,-0.12,-0.07
4.59,-0.13,-0.07
4.591,-0.105,-0.075
4.592,-0.125,-0.075
4.593,-0.14,-0.075
4.594,-0.145,-0.08
4.595,-0.135,-0.075
4.596,-0.14,-0.075
4.597,-0.16,-0.075
4.598,-0.125,-0.075
4.599,-0.13,-0.075
4.6,-0.14,-0.075
4.601,-0.135,-0.075
4.602,-0.14,-0.075
4.603,-0.15,-0.08
4.604,-0.135,-0.08
4.605,-0.145,-0.08
4.606,-0.15,-0.08
4.607,-0.15,-0.08
4.608,-0.13,-0.075
4.609,-0.12,-0.075
4.61,-0.11,-0.07
4.611,-0.1,-0.065
4.612,-0.11,-0.065
4.613,-0.105,-0.06
4.614,-0.11,-0.055
4.615,-0.105,-0.05
4.616,-0.115,-0.05
4.617,-0.11,-0.045
4.618,-0.12,-0.045
4.619,-0.1,-0.045
4.62,-0.11,-0.045
4.621,-0.085,-0.04
4.622,-0.105,-0.04
4.623,-0.1,-0.04
4.624,-0.1,-0.04
4.625,-0.095,-0.035
4.626,-0.085,-0.03
4.627,-0.085,-0.025
4.628,-0.08,-0.02
4.629,-0.06,-0.01
4.63,-0.06,-0.005
4.631,-0.045,0.005
4.632,-0.06,0.01
4.633,-0.07,0.015
4.634,-0.06,0.015
4.635,-0.07,0.02
4.636,-0.07,0.015
4.637,-0.065,0.01
4.638,-0.075,0.005
4.639,-0.085,-0.005
4.64,-0.07,-0.015
4.641,-0.09,-0.025
4.642,-0.1,-0.035
4.643,-0.1,-0.04
4.644,-0.115,-0.045
4.645,-0.125,-0.045
4.646,-0.14,-0.045
4.647,-0.13,-0.045
4.648,-0.125,-0.045
4.649,-0.125,-0.045
4.65,-0.135,-0.05
4.651,-0.125,-0.055
4.652,-0.14,-0.06
4.653,-0.13,-0.065
4.654,-0.13,-0.075
4.655,-0.145,-0.08
4.656,-0.15,-0.08
4.657,-0.135,-0.08
4.658,-0.14,-0.08
4.659,-0.14,-0.075
4.66,-0.115,-0.075
4.661,-0.13,-0.07
4.662,-0.145,-0.07
4.663,-0.15,-0.075
4.664,-0.145,-0.075
4.665,-0.16,-0.08
4.666,-0.165,-0.08
4.667,-0.145,-0.085
4.668,-0.135,-0.085
4.669,-0.13,-0.08
4.67,-0.13,-0.08
4.671,-0.14,-0.075
4.672,-0.14,-0.075
4.673,-0.15,-0.075
4.674,-0.165,-0.075
4.675,-0.16,-0.075
4.676,-0.185,-0.075
4.677,-0.15,-0.08
4.678,-0.135,-0.08
4.679,-0.13,-0.08
4.68,-0.145,-0.08
4.681,-0.135,-0.08
4.682,-0.135,-0.08
4.683,-0.16,-0.08
4.684,-0.16,-0.085
4.685,-0.17,-0.09
4.686,-0.185,-0.095
4.687,-0.17,-0.1
4.688,-0.175,-0.105
4.689,-0.165,-0.105
4.69,-0.17,-0.105
4.691,-0.165,-0.105
4.692,-0.18,-0.105
4.693,-0.195,-0.105
4.694,-0.21,-0.1
4.695,-0.19,-0.095
4.696,-0.165,-0.085
4.697,-0.11,-0.06
4.698,-0.05,-0.025
4.699,0,0.025
4.7,0.055,0.09
4.701,0.125,0.175
4.702,0.185,0.265
4.703,0.28,0.36
4.704,0.375,0.455
4.705,0.495,0.53
4.706,0.585,0.59
4.707,0.58,0.615
4.708,0.555,0.61
4.709,0.49,0.575
4.71,0.43,0.51
4.711,0.325,0.415
4.712,0.235,0.31
4.713,0.105,0.195
4.714,-0.01,0.085
4.715,-0.12,-0.01
4.716,-0.24,-0.09
4.717,-0.275,-0.145
4.718,-0.26,-0.175
4.719,-0.22,-0.185
4.72,-0.195,-0.175
4.721,-0.185,-0.155
4.722,-0.15,-0.13
4.723,-0.135,-0.105
4.724,-0.16,-0.08
4.725,-0.145,-0.06
4.726,-0.14,-0.05
4.727,-0.125,-0.045
4.728,-0.115,-0.05
4.729,-0.115,-0.05
4.73,-0.11,-0.055
4.731,-0.11,-0.06
4.732,-0.135,-0.06
4.733,-0.13,-0.06
4.734,-0.14,-0.06
4.735,-0.145,-0.055
4.736,-0.15,-0.05
4.737,-0.12,-0.05
4.738,-0.12,-0.05
4.739,-0.115,-0.05
4.74,-0.105,-0.055
4.741,-0.09,-0.06
4.742,-0.115,-0.06
4.743,-0.125,-0.06
4.744,-0.125,-0.06
4.745,-0.13,-0.06
4.746,-0.125,-0.055
4.747,-0.12,-0.05
4.748,-0.095,-0.045
4.749,-0.1,-0.04
4.75,-0.1,-0.04
4.751,-0.1,-0.04
4.752,-0.11,-0.04
4.753,-0.12,-0.04
4.754,-0.12,-0.04
4.755,-0.125,-0.035
4.756,-0.1,-0.035
4.757,-0.11,-0.03
4.758,-0.09,-0.025
4.759,-0.08,-0.02
4.76,-0.08,-0.015
4.761,-0.075,-0.01
4.762,-0.08,-0.01
4.763,-0.085,-0.005
4.764,-0.1,-0.005
4.765,-0.095,-0.005
4.766,-0.1,-0.01
4.767,-0.075,-0.01
4.768,-0.075,-0.01
4.769,-0.07,-0.01
4.77,-0.065,-0.01
4.771,-0.065,-0.005
4.772,-0.08,-0.005
4.773,-0.09,-0.005
4.774,-0.095,0
4.775,-0.095,0
4.776,-0.075,0
4.777,-0.07,0
4.778,-0.06,0.005
4.779,-0.04,0.005
4.78,-0.035,0.005
4.781,-0.045,0.005
4.782,-0.065,0.005
4.783,-0.065,0.01
4.784,-0.055,0.015
4.785,-0.05,0.02
4.786,-0.045,0.03
4.787,-0.04,0.035
4.788,-0.025,0.045
4.789,0.005,0.05
4.79,0.005,0.055
4.791,0.015,0.06
4.792,0.005,0.065
4.793,-0.01,0.065
4.794,-0.01,0.07
4.795,-0.02,0.075
4.796,-0.005,0.075
4.797,0.005,0.08
4.798,0.03,0.085
4.799,0.025,0.09
4.8,0.04,0.095
4.801,0.065,0.1
4.802,0.06,0.105
4.803,0.055,0.11
4.804,0.055,0.115
4.805,0.045,0.12
4.806,0.06,0.125
4.807,0.07,0.135
4.808,0.075,0.14
4.809,0.095,0.15
4.81,0.12,0.155
4.811,0.115,0.16
4.812,0.125,0.17
4.813,0.12,0.175
4.814,0.12,0.18
4.815,0.115,0.185
4.816,0.11,0.19
4.817,0.125,0.195
4.818,0.15,0.2
4.819,0.14,0.205
4.82,0.145,0.205
4.821,0.145,0.21
4.822,0.13,0.21
4.823,0.11,0.21
4.824,0.095,0.205
4.825,0.095,0.2
4.826,0.095,0.195
4.827,0.12,0.185
4.828,0.12,0.18
4.829,0.125,0.18
4.83,0.125,0.175
4.831,0.105,0.175
4.832,0.095,0.175
4.833,0.07,0.175
4.834,0.06,0.17
4.835,0.045,0.16
4.836,0.04,0.155
4.837,0.04,0.14
4.838,0.04,0.125
4.839,0.015,0.11
4.84,0.02,0.095
4.841,0.015,0.08
4.842,-0.025,0.065
4.843,-0.055,0.055
4.844,-0.045,0.045
4.845,-0.05,0.04
4.846,-0.065,0.035
4.847,-0.065,0.03
4.848,-0.045,0.025
4.849,-0.055,0.02
4.85,-0.055,0.02
4.851,-0.07,0.015
4.852,-0.085,0.01
4.853,-0.105,0.005
4.854,-0.11,0.005
4.855,-0.11,0
4.856,-0.115,-0.005
4.857,-0.11,-0.015
4.858,-0.105,-0.02
4.859,-0.11,-0.03
4.86,-0.105,-0.04
4.861,-0.1,-0.045
4.862,-0.095,-0.055
4.863,-0.13,-0.06
4.864,-0.135,-0.06
4.865,-0.14,-0.06
4.866,-0.115,-0.06
4.867,-0.125,-0.05
4.868,-0.125,-0.045
4.869,-0.095,-0.04
4.87,-0.1,-0.035
4.871,-0.125,-0.035
4.872,-0.14,-0.035
4.873,-0.135,-0.04
4.874,-0.14,-0.045
4.875,-0.145,-0.05
4.876,-0.125,-0.055
4.877,-0.115,-0.06
4.878,-0.11,-0.06
4.879,-0.12,-0.055
4.88,-0.11,-0.055
4.881,-0.125,-0.05
4.882,-0.125,-0.045
4.883,-0.125,-0.04
4.884,-0.125,-0.04
4.885,-0.135,-0.04
4.886,-0.115,-0.045
4.887,-0.12,-0.045
4.888,-0.11,-0.05
4.889,-0.1,-0.05
4.89,-0.085,-0.055
4.891,-0.105,-0.055
4.892,-0.11,-0.055
4.893,-0.125,-0.055
4.894,-0.125,-0.05
4.895,-0.125,-0.05
4.896,-0.12,-0.05
4.897,-0.095,-0.05
4.898,-0.095,-0.05
4.899,-0.09,-0.045
4.9,-0.1,-0.045
4.901,-0.105,-0.04
4.902,-0.115,-0.035
4.903,-0.115,-0.03
4.904,-0.125,-0.025
4.905,-0.13,-0.025
4.906,-0.105,-0.025
4.907,-0.1,-0.025
4.908,-0.08,-0.025
4.909,-0.09,-0.03
4.91,-0.075,-0.035
4.911,-0.1,-0.035
4.912,-0.125,-0.035
4.913,-0.12,-0.035
4.914,-0.125,-0.035
4.915,-0.13,-0.03
4.916,-0.09,-0.03
4.917,-0.095,-0.03
4.918,-0.08,-0.03
4.919,-0.07,-0.03
4.92,-0.08,-0.03
4.921,-0.09,-0.03
4.922,-0.11,-0.03
4.923,-0.115,-0.035
4.924,-0.12,-0.03
4.925,-0.11,-0.03
4.926,-0.1,-0.03
4.927,-0.1,-0.03
4.928,-0.09,-0.03
4.929,-0.08,-0.03
4.93,-0.095,-0.03
4.931,-0.105,-0.03
4.932,-0.105,-0.03
4.933,-0.125,-0.025
4.934,-0.115,-0.025
4.935,-0.11,-0.02
4.936,-0.105,-0.02
4.937,-0.1,-0.02
4.938,-0.09,-0.025
4.939,-0.095,-0.025
4.94,-0.1,-0.03
4.941,-0.115,-0.03
4.942,-0.11,-0.03
4.943,-0.105,-0.03
4.944,-0.08,-0.025
4.945,-0.075,-0.015
4.946,-0.055,-0.005
4.947,-0.045,0.005
4.948,-0.025,0.02
4.949,0,0.03
4.95,0,0.045
4.951,-0.005,0.055
4.952,-0.025,0.065
4.953,-0.01,0.07
4.954,-0.015,0.08
4.955,-0.025,0.085
4.956,0.005,0.085
4.957,0.015,0.09
4.958,0.02,0.09
4.959,0.035,0.09
4.96,0.035,0.085
4.961,0.015,0.085
4.962,0.005,0.08
4.963,-0.01,0.08
4.964,-0.01,0.075
4.965,0.015,0.075
4.966,0.03,0.08
4.967,0.035,0.08
4.968,0.035,0.08
4.969,0.04,0.08
4.97,0.02,0.085
4.971,0.01,0.08
4.972,0.005,0.08
4.973,0.005,0.08
4.974,0.01,0.075
4.975,0.01,0.075
4.976,0.025,0.075
4.977,0.03,0.075
4.978,0.045,0.08
4.979,0.055,0.08
4.98,0.05,0.085
4.981,0.03,0.09
4.982,0.01,0.095
4.983,0.01,0.1
4.984,0.005,0.105
4.985,0.005,0.105
4.986,0.025,0.11
4.987,0.04,0.105
4.988,0.05,0.105
4.989,0.035,0.1
4.99,0.025,0.1
4.991,0.02,0.095
4.992,0.01,0.095
4.993,0.015,0.095
4.994,0.015,0.095
4.995,0.015,0.095
4.996,0.03,0.095
4.997,0.02,0.095
4.998,0.035,0.095
4.999,0.04,0.095
5,,
5.001,,
5.002,,
5.003,,
5.004,,
5.005,,
5.006,,
5.007,,
5.008,,
5.009,,
5.01,,
5.011,,
5.012,,
5.013,,
5.014,,
5.015,,
5.016,,
5.017,,
5.018,,
5.019,,
5.02,,
5.021,,
5.022,,
5.023,,
5.024,,
5.025,,
5.026,,
5.027,,
5.028,,
5.029,,
5.03,,
5.031,,
5.032,,
5.033,,
5.034,,
5.035,,
5.036,,
5.037,,
5.038,,
5.039,,
5.04,,
5.041,,
5.042,,
5.043,,
5.044,,
5.045,,
5.046,,
5.047,,
5.048,,
5.049,,
5.05,,
5.051,,
5.052,,
5.053,,
5.054,,
5.055,,
5.056,,
5.057,,
5.058,,
5.059,,
5.06,,
5.061,,
5.062,,
5.063,,
5.064,,
5.065,,
5.066,,
5.067,,
5.068,,
5.069,,
5.07,,
5.071,,
5.072,,
5.073,,
5.074,,
5.075,,
5.076,,
5.077,,
5.078,,
5.079,,
5.08,,
5.081,,
5.082,,
5.083,,
5.084,,
5.085,,
5.086,,
5.087,,
5.088,,
5.089,,
5.09,,
5.091,,
5.092,,
5.093,,
5.094,,
5.095,,
5.096,,
5.097,,
5.098,,
5.099,,
5.1,,
5.101,,
5.102,,
5.103,,
5.104,,
5.105,,
5.106,,
5.107,,
5.108,,
5.109,,
5.11,,
5.111,,
5.112,,
5.113,,
5.114,,
5.115,,
5.116,,
5.117,,
5.118,,
5.119,,
5.12,,
5.121,,
5.122,,
5.123,,
5.124,,
5.125,,
5.126,,
5.127,,
5.128,,
5.129,,
5.13,,
5.131,,
5.132,,
5.133,,
5.134,,
5.135,,
5.136,,
5.137,,
5.138,,
5.139,,
5.14,,
5.141,,
5.142,,
5.143,,
5.144,,
5.145,,
5.146,,
5.147,,
5.148,,
5.149,,
5.15,,
5.151,,
5.152,,
5.153,,
5.154,,
5.155,,
5.156,,
5.157,,
5.158,,
5.159,,
5.16,,
5.161,,
5.162,,
5.163,,
5.164,,
5.165,,
5.166,,
5.167,,
5.168,,
5.169,,
5.17,,
5.171,,
5.172,,
5.173,,
5.174,,
5.175,,
5.176,,
5.177,,
5.178,,
5.179,,
5.18,,
5.181,,
5.182,,
5.183,,
5.184,,
5.185,,
5.186,,
5.187,,
5.188,,
5.189,,
5.19,,
5.191,,
5.192,,
5.193,,
5.194,,
5.195,,
5.196,,
5.197,,
5.198,,
5.199,,
5.2,,
5.201,,
5.202,,
5.203,,
5.204,,
5.205,,
5.206,,
5.207,,
5.208,,
5.209,,
5.21,,
5.211,,
5.212,,
5.213,,
5.214,,
5.215,,
5.216,,
5.217,,
5.218,,
5.219,,
5.22,,
5.221,,
5.222,,
5.223,,
5.224,,
5.225,,
5.226,,
5.227,,
5.228,,
5.229,,
5.23,,
5.231,,
5.232,,
5.233,,
5.234,,
5.235,,
5.236,,
5.237,,
5.238,,
5.239,,
5.24,,
5.241,,
5.242,,
5.243,,
5.244,,
5.245,,
5.246,,
5.247,,
5.248,,
5.249,,
5.25,,
5.251,,
5.252,,
5.253,,
5.254,,
5.255,,
5.256,,
5.257,,
5.258,,
5.259,,
5.26,,
5.261,,
5.262,,
5.263,,
5.264,,
5.265,,
5.266,,
5.267,,
5.268,,
5.269,,
5.27,,
5.271,,
5.272,,
5.273,,
5.274,,
5.275,,
5.276,,
5.277,,
5.278,,
5.279,,
5.28,,
5.281,,
5.282,,
5.283,,
5.284,,
5.285,,
5.286,,
5.287,,
5.288,,
5.289,,
5.29,,
5.291,,
5.292,,
5.293,,
5.294,,
5.295,,
5.296,,
5.297,,
5.298,,
5.299,,
5.3,,
5.301,,
5.302,,
5.303,,
5.304,,
5.305,,
5.306,,
5.307,,
5.308,,
5.309,,
5.31,,
5.311,,
5.312,,
5.313,,
5.314,,
5.315,,
5.316,,
5.317,,
5.318,,
5.319,,
5.32,,
5.321,,
5.322,,
5.323,,
5.324,,
5.325,,
5.326,,
5.327,,
5.328,,
5.329,,
5.33,,
5.331,,
5.332,,
5.333,,
5.334,,
5.335,,
5.336,,
5.337,,
5.338,,
5.339,,
5.34,,
5.341,,
5.342,,
5.343,,
5.344,,
5.345,,
5.346,,
5.347,,
5.348,,
5.349,,
5.35,,
5.351,,
5.352,,
5.353,,
5.354,,
5.355,,
5.356,,
5.357,,
5.358,,
5.359,,
5.36,,
5.361,,
5.362,,
5.363,,
5.364,,
5.365,,
5.366,,
5.367,,
5.368,,
5.369,,
5.37,,
5.371,,
5.372,,
5.373,,
5.374,,
5.375,,
5.376,,
5.377,,
5.378,,
5.379,,
5.38,,
5.381,,
5.382,,
5.383,,
5.384,,
5.385,,
5.386,,
5.387,,
5.388,,
5.389,,
5.39,,
5.391,,
5.392,,
5.393,,
5.394,,
5.395,,
5.396,,
5.397,,
5.398,,
5.399,,
5.4,,
5.401,,
5.402,,
5.403,,
5.404,,
5.405,,
5.406,,
5.407,,
5.408,,
5.409,,
5.41,,
5.411,,
5.412,,
5.413,,
5.414,,
5.415,,
5.416,,
5.417,,
5.418,,
5.419,,
5.42,,
5.421,,
5.422,,
5.423,,
5.424,,
5.425,,
5.426,,
5.427,,
5.428,,
5.429,,
5.43,,
5.431,,
5.432,,
5.433,,
5.434,,
5.435,,
5.436,,
5.437,,
5.438,,
5.439,,
5.44,,
5.441,,
5.442,,
5.443,,
5.444,,
5.445,,
5.446,,
5.447,,
5.448,,
5.449,,
5.45,,
5.451,,
5.452,,
5.453,,
5.454,,
5.455,,
5.456,,
5.457,,
5.458,,
5.459,,
5.46,,
5.461,,
5.462,,
5.463,,
5.464,,
5.465,,
5.466,,
5.467,,
5.468,,
5.469,,
5.47,,
5.471,,
5.472,,
5.473,,
5.474,,
5.475,,
5.476,,
5.477,,
5.478,,
5.479,,
5.48,,
5.481,,
5.482,,
5.483,,
5.484,,
5.485,,
5.486,,
5.487,,
5.488,,
5.489,,
5.49,,
5.491,,
5.492,,
5.493,,
5.494,,
5.495,,
5.496,,
5.497,,
5.498,,
5.499,,
5.5,,
5.501,,
5.502,,
5.503,,
5.504,,
5.505,,
5.506,,
5.507,,
5.508,,
5.509,,
5.51,,
5.511,,
5.512,,
5.513,,
5.514,,
5.515,,
5.516,,
5.517,,
5.518,,
5.519,,
5.52,,
5.521,,
5.522,,
5.523,,
5.524,,
5.525,,
5.526,,
5.527,,
5.528,,
5.529,,
5.53,,
5.531,,
5.532,,
5.533,,
5.534,,
5.535,,
5.536,,
5.537,,
5.538,,
5.539,,
5.54,,
5.541,,
5.542,,
5.543,,
5.544,,
5.545,,
5.546,,
5.547,,
5.548,,
5.549,,
5.55,,
5.551,,
5.552,,
5.553,,
5.554,,
5.555,,
5.556,,
5.557,,
5.558,,
5.559,,
5.56,,
5.561,,
5.562,,
5.563,,
5.564,,
5.565,,
5.566,,
5.567,,
5.568,,
5.569,,
5.57,,
5.571,,
5.572,,
5.573,,
5.574,,
5.575,,
5.576,,
5.577,,
5.578,,
5.579,,
5.58,,
5.581,,
5.582,,
5.583,,
5.584,,
5.585,,
5.586,,
5.587,,
5.588,,
5.589,,
5.59,,
5.591,,
5.592,,
5.593,,
5.594,,
5.595,,
5.596,,
5.597,,
5.598,,
5.599,,
5.6,,
5.601,,
5.602,,
5.603,,
5.604,,
5.605,,
5.606,,
5.607,,
5.608,,
5.609,,
5.61,,
5.611,,
5.612,,
5.613,,
5.614,,
5.615,,
5.616,,
5.617,,
5.618,,
5.619,,
5.62,,
5.621,,
5.622,,
5.623,,
5.624,,
5.625,,
5.626,,
5.627,,
5.628,,
5.629,,
5.63,,
5.631,,
5.632,,
5.633,,
5.634,,
5.635,,
5.636,,
5.637,,
5.638,,
5.639,,
5.64,,
5.641,,
5.642,,
5.643,,
5.644,,
5.645,,
5.646,,
5.647,,
5.648,,
5.649,,
5.65,,
5.651,,
5.652,,
5.653,,
5.654,,
5.655,,
5.656,,
5.657,,
5.658,,
5.659,,
5.66,,
5.661,,
5.662,,
5.663,,
5.664,,
5.665,,
5.666,,
5.667,,
5.668,,
5.669,,
5.67,,
5.671,,
5.672,,
5.673,,
5.674,,
5.675,,
5.676,,
5.677,,
5.678,,
5.679,,
5.68,,
5.681,,
5.682,,
5.683,,
5.684,,
5.685,,
5.686,,
5.687,,
5.688,,
5.689,,
5.69,,
5.691,,
5.692,,
5.693,,
5.694,,
5.695,,
5.696,,
5.697,,
5.698,,
5.699,,
5.7,,
5.701,,
5.702,,
5.703,,
5.704,,
5.705,,
5.706,,
5.707,,
5.708,,
5.709,,
5.71,,
5.711,,
5.712,,
5.713,,
5.714,,
5.715,,
5.716,,
5.717,,
5.718,,
5.719,,
5.72,,
5.721,,
5.722,,
5.723,,
5.724,,
5.725,,
5.726,,
5.727,,
5.728,,
5.729,,
5.73,,
5.731,,
5.732,,
5.733,,
5.734,,
5.735,,
5.736,,
5.737,,
5.738,,
5.739,,
5.74,,
5.741,,
5.742,,
5.743,,
5.744,,
5.745,,
5.746,,
5.747,,
5.748,,
5.749,,
5.75,,
5.751,,
5.752,,
5.753,,
5.754,,
5.755,,
5.756,,
5.757,,
5.758,,
5.759,,
5.76,,
5.761,,
5.762,,
5.763,,
5.764,,
5.765,,
5.766,,
5.767,,
5.768,,
5.769,,
5.77,,
5.771,,
5.772,,
5.773,,
5.774,,
5.775,,
5.776,,
5.777,,
5.778,,
5.779,,
5.78,,
5.781,,
5.782,,
5.783,,
5.784,,
5.785,,
5.786,,
5.787,,
5.788,,
5.789,,
5.79,,
5.791,,
5.792,,
5.793,,
5.794,,
5.795,,
5.796,,
5.797,,
5.798,,
5.799,,
5.8,,
5.801,,
5.802,,
5.803,,
5.804,,
5.805,,
5.806,,
5.807,,
5.808,,
5.809,,
5.81,,
5.811,,
5.812,,
5.813,,
5.814,,
5.815,,
5.816,,
5.817,,
5.818,,
5.819,,
5.82,,
5.821,,
5.822,,
5.823,,
5.824,,
5.825,,
5.826,,
5.827,,
5.828,,
5.829,,
5.83,,
5.831,,
5.832,,
5.833,,
5.834,,
5.835,,
5.836,,
5.837,,
5.838,,
5.839,,
5.84,,
5.841,,
5.842,,
5.843,,
5.844,,
5.845,,
5.846,,
5.847,,
5.848,,
5.849,,
5.85,,
5.851,,
5.852,,
5.853,,
5.854,,
5.855,,
5.856,,
5.857,,
5.858,,
5.859,,
5.86,,
5.861,,
5.862,,
5.863,,
5.864,,
5.865,,
5.866,,
5.867,,
5.868,,
5.869,,
5.87,,
5.871,,
5.872,,
5.873,,
5.874,,
5.875,,
5.876,,
5.877,,
5.878,,
5.879,,
5.88,,
5.881,,
5.882,,
5.883,,
5.884,,
5.885,,
5.886,,
5.887,,
5.888,,
5.889,,
5.89,,
5.891,,
5.892,,
5.893,,
5.894,,
5.895,,
5.896,,
5.897,,
5.898,,
5.899,,
5.9,,
5.901,,
5.902,,
5.903,,
5.904,,
5.905,,
5.906,,
5.907,,
5.908,,
5.909,,
5.91,,
5.911,,
5.912,,
5.913,,
5.914,,
5.915,,
5.916,,
5.917,,
5.918,,
5.919,,
5.92,,
5.921,,
5.922,,
5.923,,
5.924,,
5.925,,
5.926,,
5.927,,
5.928,,
5.929,,
5.93,,
5.931,,
5.932,,
5.933,,
5.934,,
5.935,,
5.936,,
5.937,,
5.938,,
5.939,,
5.94,,
5.941,,
5.942,,
5.943,,
5.944,,
5.945,,
5.946,,
5.947,,
5.948,,
5.949,,
5.95,,
5.951,,
5.952,,
5.953,,
5.954,,
5.955,,
5.956,,
5.957,,
5.958,,
5.959,,
5.96,,
5.961,,
5.962,,
5.963,,
5.964,,
5.965,,
5.966,,
5.967,,
5.968,,
5.969,,
5.97,,
5.971,,
5.972,,
5.973,,
5.974,,
5.975,,
5.976,,
5.977,,
5.978,,
5.979,,
5.98,,
5.981,,
5.982,,
5.983,,
5.984,,
5.985,,
5.986,,
5.987,,
5.988,,
5.989,,
5.99,,
5.991,,
5.992,,
5.993,,
5.994,,
5.995,,
5.996,,
5.997,,
5.998,,
5.999,,
6,,
6.001,,
6.002,,
6.003,,
6.004,,
6.005,,
6.006,,
6.007,,
6.008,,
6.009,,
6.01,,
6.011,,
6.012,,
6.013,,
6.014,,
6.015,,
6.016,,
6.017,,
6.018,,
6.019,,
6.02,,
6.021,,
6.022,,
6.023,,
6.024,,
6.025,,
6.026,,
6.027,,
6.028,,
6.029,,
6.03,,
6.031,,
6.032,,
6.033,,
6.034,,
6.035,,
6.036,,
6.037,,
6.038,,
6.039,,
6.04,,
6.041,,
6.042,,
6.043,,
6.044,,
6.045,,
6.046,,
6.047,,
6.048,,
6.049,,
6.05,,
6.051,,
6.052,,
6.053,,
6.054,,
6.055,,
6.056,,
6.057,,
6.058,,
6.059,,
6.06,,
6.061,,
6.062,,
6.063,,
6.064,,
6.065,,
6.066,,
6.067,,
6.068,,
6.069,,
6.07,,
6.071,,
6.072,,
6.073,,
6.074,,
6.075,,
6.076,,
6.077,,
6.078,,
6.079,,
6.08,,
6.081,,
6.082,,
6.083,,
6.084,,
6.085,,
6.086,,
6.087,,
6.088,,
6.089,,
6.09,,
6.091,,
6.092,,
6.093,,
6.094,,
6.095,,
6.096,,
6.097,,
6.098,,
6.099,,
6.1,,
6.101,,
6.102,,
6.103,,
6.104,,
6.105,,
6.106,,
6.107,,
6.108,,
6.109,,
6.11,,
6.111,,
6.112,,
6.113,,
6.114,,
6.115,,
6.116,,
6.117,,
6.118,,
6.119,,
6.12,,
6.121,,
6.122,,
6.123,,
6.124,,
6.125,,
6.126,,
6.127,,
6.128,,
6.129,,
6.13,,
6.131,,
6.132,,
6.133,,
6.134,,
6.135,,
6.136,,
6.137,,
6.138,,
6.139,,
6.14,,
6.141,,
6.142,,
6.143,,
6.144,,
6.145,,
6.146,,
6.147,,
6.148,,
6.149,,
6.15,,
6.151,,
6.152,,
6.153,,
6.154,,
6.155,,
6.156,,
6.157,,
6.158,,
6.159,,
6.16,,
6.161,,
6.162,,
6.163,,
6.164,,
6.165,,
6.166,,
6.167,,
6.168,,
6.169,,
6.17,,
6.171,,
6.172,,
6.173,,
6.174,,
6.175,,
6.176,,
6.177,,
6.178,,
6.179,,
6.18,,
6.181,,
6.182,,
6.183,,
6.184,,
6.185,,
6.186,,
6.187,,
6.188,,
6.189,,
6.19,,
6.191,,
6.192,,
6.193,,
6.194,,
6.195,,
6.196,,
6.197,,
6.198,,
6.199,,
6.2,,
6.201,,
6.202,,
6.203,,
6.204,,
6.205,,
6.206,,
6.207,,
6.208,,
6.209,,
6.21,,
6.211,,
6.212,,
6.213,,
6.214,,
6.215,,
6.216,,
6.217,,
6.218,,
6.219,,
6.22,,
6.221,,
6.222,,
6.223,,
6.224,,
6.225,,
6.226,,
6.227,,
6.228,,
6.229,,
6.23,,
6.231,,
6.232,,
6.233,,
6.234,,
6.235,,
6.236,,
6.237,,
6.238,,
6.239,,
6.24,,
6.241,,
6.242,,
6.243,,
6.244,,
6.245,,
6.246,,
6.247,,
6.248,,
6.249,,
6.25,,
6.251,,
6.252,,
6.253,,
6.254,,
6.255,,
6.256,,
6.257,,
6.258,,
6.259,,
6.26,,
6.261,,
6.262,,
6.263,,
6.264,,
6.265,,
6.266,,
6.267,,
6.268,,
6.269,,
6.27,,
6.271,,
6.272,,
6.273,,
6.274,,
6.275,,
6.276,,
6.277,,
6.278,,
6.279,,
6.28,,
6.281,,
6.282,,
6.283,,
6.284,,
6.285,,
6.286,,
6.287,,
6.288,,
6.289,,
6.29,,
6.291,,
6.292,,
6.293,,
6.294,,
6.295,,
6.296,,
6.297,,
6.298,,
6.299,,
6.3,,
6.301,,
6.302,,
6.303,,
6.304,,
6.305,,
6.306,,
6.307,,
6.308,,
6.309,,
6.31,,
6.311,,
6.312,,
6.313,,
6.314,,
6.315,,
6.316,,
6.317,,
6.318,,
6.319,,
6.32,,
6.321,,
6.322,,
6.323,,
6.324,,
6.325,,
6.326,,
6.327,,
6.328,,
6.329,,
6.33,,
6.331,,
6.332,,
6.333,,
6.334,,
6.335,,
6.336,,
6.337,,
6.338,,
6.339,,
6.34,,
6.341,,
6.342,,
6.343,,
6.344,,
6.345,,
6.346,,
6.347,,
6.348,,
6.349,,
6.35,,
6.351,,
6.352,,
6.353,,
6.354,,
6.355,,
6.356,,
6.357,,
6.358,,
6.359,,
6.36,,
6.361,,
6.362,,
6.363,,
6.364,,
6.365,,
6.366,,
6.367,,
6.368,,
6.369,,
6.37,,
6.371,,
6.372,,
6.373,,
6.374,,
6.375,,
6.376,,
6.377,,
6.378,,
6.379,,
6.38,,
6.381,,
6.382,,
6.383,,
6.384,,
6.385,,
6.386,,
6.387,,
6.388,,
6.389,,
6.39,,
6.391,,
6.392,,
6.393,,
6.394,,
6.395,,
6.396,,
6.397,,
6.398,,
6.399,,
6.4,,
6.401,,
6.402,,
6.403,,
6.404,,
6.405,,
6.406,,
6.407,,
6.408,,
6.409,,
6.41,,
6.411,,
6.412,,
6.413,,
6.414,,
6.415,,
6.416,,
6.417,,
6.418,,
6.419,,
6.42,,
6.421,,
6.422,,
6.423,,
6.424,,
6.425,,
6.426,,
6.427,,
6.428,,
6.429,,
6.43,,
6.431,,
6.432,,
6.433,,
6.434,,
6.435,,
6.436,,
6.437,,
6.438,,
6.439,,
6.44,,
6.441,,
6.442,,
6.443,,
6.444,,
6.445,,
6.446,,
6.447,,
6.448,,
6.449,,
6.45,,
6.451,,
6.452,,
6.453,,
6.454,,
6.455,,
6.456,,
6.457,,
6.458,,
6.459,,
6.46,,
6.461,,
6.462,,
6.463,,
6.464,,
6.465,,
6.466,,
6.467,,
6.468,,
6.469,,
6.47,,
6.471,,
6.472,,
6.473,,
6.474,,
6.475,,
6.476,,
6.477,,
6.478,,
6.479,,
6.48,,
6.481,,
6.482,,
6.483,,
6.484,,
6.485,,
6.486,,
6.487,,
6.488,,
6.489,,
6.49,,
6.491,,
6.492,,
6.493,,
6.494,,
6.495,,
6.496,,
6.497,,
6.498,,
6.499,,
6.5,,
6.501,,
6.502,,
6.503,,
6.504,,
6.505,,
6.506,,
6.507,,
6.508,,
6.509,,
6.51,,
6.511,,
6.512,,
6.513,,
6.514,,
6.515,,
6.516,,
6.517,,
6.518,,
6.519,,
6.52,,
6.521,,
6.522,,
6.523,,
6.524,,
6.525,,
6.526,,
6.527,,
6.528,,
6.529,,
6.53,,
6.531,,
6.532,,
6.533,,
6.534,,
6.535,,
6.536,,
6.537,,
6.538,,
6.539,,
6.54,,
6.541,,
6.542,,
6.543,,
6.544,,
6.545,,
6.546,,
6.547,,
6.548,,
6.549,,
6.55,,
6.551,,
6.552,,
6.553,,
6.554,,
6.555,,
6.556,,
6.557,,
6.558,,
6.559,,
6.56,,
6.561,,
6.562,,
6.563,,
6.564,,
6.565,,
6.566,,
6.567,,
6.568,,
6.569,,
6.57,,
6.571,,
6.572,,
6.573,,
6.574,,
6.575,,
6.576,,
6.577,,
6.578,,
6.579,,
6.58,,
6.581,,
6.582,,
6.583,,
6.584,,
6.585,,
6.586,,
6.587,,
6.588,,
6.589,,
6.59,,
6.591,,
6.592,,
6.593,,
6.594,,
6.595,,
6.596,,
6.597,,
6.598,,
6.599,,
6.6,,
6.601,,
6.602,,
6.603,,
6.604,,
6.605,,
6.606,,
6.607,,
6.608,,
6.609,,
6.61,,
6.611,,
6.612,,
6.613,,
6.614,,
6.615,,
6.616,,
6.617,,
6.618,,
6.619,,
6.62,,
6.621,,
6.622,,
6.623,,
6.624,,
6.625,,
6.626,,
6.627,,
6.628,,
6.629,,
6.63,,
6.631,,
6.632,,
6.633,,
6.634,,
6.635,,
6.636,,
6.637,,
6.638,,
6.639,,
6.64,,
6.641,,
6.642,,
6.643,,
6.644,,
6.645,,
6.646,,
6.647,,
6.648,,
6.649,,
6.65,,
6.651,,
6.652,,
6.653,,
6.654,,
6.655,,
6.656,,
6.657,,
6.658,,
6.659,,
6.66,,
6.661,,
6.662,,
6.663,,
6.664,,
6.665,,
6.666,,
6.667,,
6.668,,
6.669,,
6.67,,
6.671,,
6.672,,
6.673,,
6.674,,
6.675,,
6.676,,
6.677,,
6.678,,
6.679,,
6.68,,
6.681,,
6.682,,
6.683,,
6.684,,
6.685,,
6.686,,
6.687,,
6.688,,
6.689,,
6.69,,
6.691,,
6.692,,
6.693,,
6.694,,
6.695,,
6.696,,
6.697,,
6.698,,
6.699,,
6.7,,
6.701,,
6.702,,
6.703,,
6.704,,
6.705,,
6.706,,
6.707,,
6.708,,
6.709,,
6.71,,
6.711,,
6.712,,
6.713,,
6.714,,
6.715,,
6.716,,
6.717,,
6.718,,
6.719,,
6.72,,
6.721,,
6.722,,
6.723,,
6.724,,
6.725,,
6.726,,
6.727,,
6.728,,
6.729,,
6.73,,
6.731,,
6.732,,
6.733,,
6.734,,
6.735,,
6.736,,
6.737,,
6.738,,
6.739,,
6.74,,
6.741,,
6.742,,
6.743,,
6.744,,
6.745,,
6.746,,
6.747,,
6.748,,
6.749,,
6.75,,
6.751,,
6.752,,
6.753,,
6.754,,
6.755,,
6.756,,
6.757,,
6.758,,
6.759,,
6.76,,
6.761,,
6.762,,
6.763,,
6.764,,
6.765,,
6.766,,
6.767,,
6.768,,
6.769,,
6.77,,
6.771,,
6.772,,
6.773,,
6.774,,
6.775,,
6.776,,
6.777,,
6.778,,
6.779,,
6.78,,
6.781,,
6.782,,
6.783,,
6.784,,
6.785,,
6.786,,
6.787,,
6.788,,
6.789,,
6.79,,
6.791,,
6.792,,
6.793,,
6.794,,
6.795,,
6.796,,
6.797,,
6.798,,
6.799,,
6.8,,
6.801,,
6.802,,
6.803,,
6.804,,
6.805,,
6.806,,
6.807,,
6.808,,
6.809,,
6.81,,
6.811,,
6.812,,
6.813,,
6.814,,
6.815,,
6.816,,
6.817,,
6.818,,
6.819,,
6.82,,
6.821,,
6.822,,
6.823,,
6.824,,
6.825,,
6.826,,
6.827,,
6.828,,
6.829,,
6.83,,
6.831,,
6.832,,
6.833,,
6.834,,
6.835,,
6.836,,
6.837,,
6.838,,
6.839,,
6.84,,
6.841,,
6.842,,
6.843,,
6.844,,
6.845,,
6.846,,
6.847,,
6.848,,
6.849,,
6.85,,
6.851,,
6.852,,
6.853,,
6.854,,
6.855,,
6.856,,
6.857,,
6.858,,
6.859,,
6.86,,
6.861,,
6.862,,
6.863,,
6.864,,
6.865,,
6.866,,
6.867,,
6.868,,
6.869,,
6.87,,
6.871,,
6.872,,
6.873,,
6.874,,
6.875,,
6.876,,
6.877,,
6.878,,
6.879,,
6.88,,
6.881,,
6.882,,
6.883,,
6.884,,
6.885,,
6.886,,
6.887,,
6.888,,
6.889,,
6.89,,
6.891,,
6.892,,
6.893,,
6.894,,
6.895,,
6.896,,
6.897,,
6.898,,
6.899,,
6.9,,
6.901,,
6.902,,
6.903,,
6.904,,
6.905,,
6.906,,
6.907,,
6.908,,
6.909,,
6.91,,
6.911,,
6.912,,
6.913,,
6.914,,
6.915,,
6.916,,
6.917,,
6.918,,
6.919,,
6.92,,
6.921,,
6.922,,
6.923,,
6.924,,
6.925,,
6.926,,
6.927,,
6.928,,
6.929,,
6.93,,
6.931,,
6.932,,
6.933,,
6.934,,
6.935,,
6.936,,
6.937,,
6.938,,
6.939,,
6.94,,
6.941,,
6.942,,
6.943,,
6.944,,
6.945,,
6.946,,
6.947,,
6.948,,
6.949,,
6.95,,
6.951,,
6.952,,
6.953,,
6.954,,
6.955,,
6.956,,
6.957,,
6.958,,
6.959,,
6.96,,
6.961,,
6.962,,
6.963,,
6.964,,
6.965,,
6.966,,
6.967,,
6.968,,
6.969,,
6.97,,
6.971,,
6.972,,
6.973,,
6.974,,
6.975,,
6.976,,
6.977,,
6.978,,
6.979,,
6.98,,
6.981,,
6.982,,
6.983,,
6.984,,
6.985,,
6.986,,
6.987,,
6.988,,
6.989,,
6.99,,
6.991,,
6.992,,
6.993,,
6.994,,
6.995,,
6.996,,
6.997,,
6.998,,
6.999,,
7,,
7.001,,
7.002,,
7.003,,
7.004,,
7.005,,
7.006,,
7.007,,
7.008,,
7.009,,
7.01,,
7.011,,
7.012,,
7.013,,
7.014,,
7.015,,
7.016,,
7.017,,
7.018,,
7.019,,
7.02,,
7.021,,
7.022,,
7.023,,
7.024,,
7.025,,
7.026,,
7.027,,
7.028,,
7.029,,
7.03,,
7.031,,
7.032,,
7.033,,
7.034,,
7.035,,
7.036,,
7.037,,
7.038,,
7.039,,
7.04,,
7.041,,
7.042,,
7.043,,
7.044,,
7.045,,
7.046,,
7.047,,
7.048,,
7.049,,
7.05,,
7.051,,
7.052,,
7.053,,
7.054,,
7.055,,
7.056,,
7.057,,
7.058,,
7.059,,
7.06,,
7.061,,
7.062,,
7.063,,
7.064,,
7.065,,
7.066,,
7.067,,
7.068,,
7.069,,
7.07,,
7.071,,
7.072,,
7.073,,
7.074,,
7.075,,
7.076,,
7.077,,
7.078,,
7.079,,
7.08,,
7.081,,
7.082,,
7.083,,
7.084,,
7.085,,
7.086,,
7.087,,
7.088,,
7.089,,
7.09,,
7.091,,
7.092,,
7.093,,
7.094,,
7.095,,
7.096,,
7.097,,
7.098,,
7.099,,
7.1,,
7.101,,
7.102,,
7.103,,
7.104,,
7.105,,
7.106,,
7.107,,
7.108,,
7.109,,
7.11,,
7.111,,
7.112,,
7.113,,
7.114,,
7.115,,
7.116,,
7.117,,
7.118,,
7.119,,
7.12,,
7.121,,
7.122,,
7.123,,
7.124,,
7.125,,
7.126,,
7.127,,
7.128,,
7.129,,
7.13,,
7.131,,
7.132,,
7.133,,
7.134,,
7.135,,
7.136,,
7.137,,
7.138,,
7.139,,
7.14,,
7.141,,
7.142,,
7.143,,
7.144,,
7.145,,
7.146,,
7.147,,
7.148,,
7.149,,
7.15,,
7.151,,
7.152,,
7.153,,
7.154,,
7.155,,
7.156,,
7.157,,
7.158,,
7.159,,
7.16,,
7.161,,
7.162,,
7.163,,
7.164,,
7.165,,
7.166,,
7.167,,
7.168,,
7.169,,
7.17,,
7.171,,
7.172,,
7.173,,
7.174,,
7.175,,
7.176,,
7.177,,
7.178,,
7.179,,
7.18,,
7.181,,
7.182,,
7.183,,
7.184,,
7.185,,
7.186,,
7.187,,
7.188,,
7.189,,
7.19,,
7.191,,
7.192,,
7.193,,
7.194,,
7.195,,
7.196,,
7.197,,
7.198,,
7.199,,
7.2,,
7.201,,
7.202,,
7.203,,
7.204,,
7.205,,
7.206,,
7.207,,
7.208,,
7.209,,
7.21,,
7.211,,
7.212,,
7.213,,
7.214,,
7.215,,
7.216,,
7.217,,
7.218,,
7.219,,
7.22,,
7.221,,
7.222,,
7.223,,
7.224,,
7.225,,
7.226,,
7.227,,
7.228,,
7.229,,
7.23,,
7.231,,
7.232,,
7.233,,
7.234,,
7.235,,
7.236,,
7.237,,
7.238,,
7.239,,
7.24,,
7.241,,
7.242,,
7.243,,
7.244,,
7.245,,
7.246,,
7.247,,
7.248,,
7.249,,
7.25,,
7.251,,
7.252,,
7.253,,
7.254,,
7.255,,
7.256,,
7.257,,
7.258,,
7.259,,
7.26,,
7.261,,
7.262,,
7.263,,
7.264,,
7.265,,
7.266,,
7.267,,
7.268,,
7.269,,
7.27,,
7.271,,
7.272,,
7.273,,
7.274,,
7.275,,
7.276,,
7.277,,
7.278,,
7.279,,
7.28,,
7.281,,
7.282,,
7.283,,
7.284,,
7.285,,
7.286,,
7.287,,
7.288,,
7.289,,
7.29,,
7.291,,
7.292,,
7.293,,
7.294,,
7.295,,
7.296,,
7.297,,
7.298,,
7.299,,
7.3,,
7.301,,
7.302,,
7.303,,
7.304,,
7.305,,
7.306,,
7.307,,
7.308,,
7.309,,
7.31,,
7.311,,
7.312,,
7.313,,
7.314,,
7.315,,
7.316,,
7.317,,
7.318,,
7.319,,
7.32,,
7.321,,
7.322,,
7.323,,
7.324,,
7.325,,
7.326,,
7.327,,
7.328,,
7.329,,
7.33,,
7.331,,
7.332,,
7.333,,
7.334,,
7.335,,
7.336,,
7.337,,
7.338,,
7.339,,
7.34,,
7.341,,
7.342,,
7.343,,
7.344,,
7.345,,
7.346,,
7.347,,
7.348,,
7.349,,
7.35,,
7.351,,
7.352,,
7.353,,
7.354,,
7.355,,
7.356,,
7.357,,
7.358,,
7.359,,
7.36,,
7.361,,
7.362,,
7.363,,
7.364,,
7.365,,
7.366,,
7.367,,
7.368,,
7.369,,
7.37,,
7.371,,
7.372,,
7.373,,
7.374,,
7.375,,
7.376,,
7.377,,
7.378,,
7.379,,
7.38,,
7.381,,
7.382,,
7.383,,
7.384,,
7.385,,
7.386,,
7.387,,
7.388,,
7.389,,
7.39,,
7.391,,
7.392,,
7.393,,
7.394,,
7.395,,
7.396,,
7.397,,
7.398,,
7.399,,
7.4,,
7.401,,
7.402,,
7.403,,
7.404,,
7.405,,
7.406,,
7.407,,
7.408,,
7.409,,
7.41,,
7.411,,
7.412,,
7.413,,
7.414,,
7.415,,
7.416,,
7.417,,
7.418,,
7.419,,
7.42,,
7.421,,
7.422,,
7.423,,
7.424,,
7.425,,
7.426,,
7.427,,
7.428,,
7.429,,
7.43,,
7.431,,
7.432,,
7.433,,
7.434,,
7.435,,
7.436,,
7.437,,
7.438,,
7.439,,
7.44,,
7.441,,
7.442,,
7.443,,
7.444,,
7.445,,
7.446,,
7.447,,
7.448,,
7.449,,
7.45,,
7.451,,
7.452,,
7.453,,
7.454,,
7.455,,
7.456,,
7.457,,
7.458,,
7.459,,
7.46,,
7.461,,
7.462,,
7.463,,
7.464,,
7.465,,
7.466,,
7.467,,
7.468,,
7.469,,
7.47,,
7.471,,
7.472,,
7.473,,
7.474,,
7.475,,
7.476,,
7.477,,
7.478,,
7.479,,
7.48,,
7.481,,
7.482,,
7.483,,
7.484,,
7.485,,
7.486,,
7.487,,
7.488,,
7.489,,
7.49,,
7.491,,
7.492,,
7.493,,
7.494,,
7.495,,
7.496,,
7.497,,
7.498,,
7.499,,
7.5,,
7.501,,
7.502,,
7.503,,
7.504,,
7.505,,
7.506,,
7.507,,
7.508,,
7.509,,
7.51,,
7.511,,
7.512,,
7.513,,
7.514,,
7.515,,
7.516,,
7.517,,
7.518,,
7.519,,
7.52,,
7.521,,
7.522,,
7.523,,
7.524,,
7.525,,
7.526,,
7.527,,
7.528,,
7.529,,
7.53,,
7.531,,
7.532,,
7.533,,
7.534,,
7.535,,
7.536,,
7.537,,
7.538,,
7.539,,
7.54,,
7.541,,
7.542,,
7.543,,
7.544,,
7.545,,
7.546,,
7.547,,
7.548,,
7.549,,
7.55,,
7.551,,
7.552,,
7.553,,
7.554,,
7.555,,
7.556,,
7.557,,
7.558,,
7.559,,
7.56,,
7.561,,
7.562,,
7.563,,
7.564,,
7.565,,
7.566,,
7.567,,
7.568,,
7.569,,
7.57,,
7.571,,
7.572,,
7.573,,
7.574,,
7.575,,
7.576,,
7.577,,
7.578,,
7.579,,
7.58,,
7.581,,
7.582,,
7.583,,
7.584,,
7.585,,
7.586,,
7.587,,
7.588,,
7.589,,
7.59,,
7.591,,
7.592,,
7.593,,
7.594,,
7.595,,
7.596,,
7.597,,
7.598,,
7.599,,
7.6,,
7.601,,
7.602,,
7.603,,
7.604,,
7.605,,
7.606,,
7.607,,
7.608,,
7.609,,
7.61,,
7.611,,
7.612,,
7.613,,
7.614,,
7.615,,
7.616,,
7.617,,
7.618,,
7.619,,
7.62,,
7.621,,
7.622,,
7.623,,
7.624,,
7.625,,
7.626,,
7.627,,
7.628,,
7.629,,
7.63,,
7.631,,
7.632,,
7.633,,
7.634,,
7.635,,
7.636,,
7.637,,
7.638,,
7.639,,
7.64,,
7.641,,
7.642,,
7.643,,
7.644,,
7.645,,
7.646,,
7.647,,
7.648,,
7.649,,
7.65,,
7.651,,
7.652,,
7.653,,
7.654,,
7.655,,
7.656,,
7.657,,
7.658,,
7.659,,
7.66,,
7.661,,
7.662,,
7.663,,
7.664,,
7.665,,
7.666,,
7.667,,
7.668,,
7.669,,
7.67,,
7.671,,
7.672,,
7.673,,
7.674,,
7.675,,
7.676,,
7.677,,
7.678,,
7.679,,
7.68,,
7.681,,
7.682,,
7.683,,
7.684,,
7.685,,
7.686,,
7.687,,
7.688,,
7.689,,
7.69,,
7.691,,
7.692,,
7.693,,
7.694,,
7.695,,
7.696,,
7.697,,
7.698,,
7.699,,
7.7,,
7.701,,
7.702,,
7.703,,
7.704,,
7.705,,
7.706,,
7.707,,
7.708,,
7.709,,
7.71,,
7.711,,
7.712,,
7.713,,
7.714,,
7.715,,
7.716,,
7.717,,
7.718,,
7.719,,
7.72,,
7.721,,
7.722,,
7.723,,
7.724,,
7.725,,
7.726,,
7.727,,
7.728,,
7.729,,
7.73,,
7.731,,
7.732,,
7.733,,
7.734,,
7.735,,
7.736,,
7.737,,
7.738,,
7.739,,
7.74,,
7.741,,
7.742,,
7.743,,
7.744,,
7.745,,
7.746,,
7.747,,
7.748,,
7.749,,
7.75,,
7.751,,
7.752,,
7.753,,
7.754,,
7.755,,
7.756,,
7.757,,
7.758,,
7.759,,
7.76,,
7.761,,
7.762,,
7.763,,
7.764,,
7.765,,
7.766,,
7.767,,
7.768,,
7.769,,
7.77,,
7.771,,
7.772,,
7.773,,
7.774,,
7.775,,
7.776,,
7.777,,
7.778,,
7.779,,
7.78,,
7.781,,
7.782,,
7.783,,
7.784,,
7.785,,
7.786,,
7.787,,
7.788,,
7.789,,
7.79,,
7.791,,
7.792,,
7.793,,
7.794,,
7.795,,
7.796,,
7.797,,
7.798,,
7.799,,
7.8,,
7.801,,
7.802,,
7.803,,
7.804,,
7.805,,
7.806,,
7.807,,
7.808,,
7.809,,
7.81,,
7.811,,
7.812,,
7.813,,
7.814,,
7.815,,
7.816,,
7.817,,
7.818,,
7.819,,
7.82,,
7.821,,
7.822,,
7.823,,
7.824,,
7.825,,
7.826,,
7.827,,
7.828,,
7.829,,
7.83,,
7.831,,
7.832,,
7.833,,
7.834,,
7.835,,
7.836,,
7.837,,
7.838,,
7.839,,
7.84,,
7.841,,
7.842,,
7.843,,
7.844,,
7.845,,
7.846,,
7.847,,
7.848,,
7.849,,
7.85,,
7.851,,
7.852,,
7.853,,
7.854,,
7.855,,
7.856,,
7.857,,
7.858,,
7.859,,
7.86,,
7.861,,
7.862,,
7.863,,
7.864,,
7.865,,
7.866,,
7.867,,
7.868,,
7.869,,
7.87,,
7.871,,
7.872,,
7.873,,
7.874,,
7.875,,
7.876,,
7.877,,
7.878,,
7.879,,
7.88,,
7.881,,
7.882,,
7.883,,
7.884,,
7.885,,
7.886,,
7.887,,
7.888,,
7.889,,
7.89,,
7.891,,
7.892,,
7.893,,
7.894,,
7.895,,
7.896,,
7.897,,
7.898,,
7.899,,
7.9,,
7.901,,
7.902,,
7.903,,
7.904,,
7.905,,
7.906,,
7.907,,
7.908,,
7.909,,
7.91,,
7.911,,
7.912,,
7.913,,
7.914,,
7.915,,
7.916,,
7.917,,
7.918,,
7.919,,
7.92,,
7.921,,
7.922,,
7.923,,
7.924,,
7.925,,
7.926,,
7.927,,
7.928,,
7.929,,
7.93,,
7.931,,
7.932,,
7.933,,
7.934,,
7.935,,
7.936,,
7.937,,
7.938,,
7.939,,
7.94,,
7.941,,
7.942,,
7.943,,
7.944,,
7.945,,
7.946,,
7.947,,
7.948,,
7.949,,
7.95,,
7.951,,
7.952,,
7.953,,
7.954,,
7.955,,
7.956,,
7.957,,
7.958,,
7.959,,
7.96,,
7.961,,
7.962,,
7.963,,
7.964,,
7.965,,
7.966,,
7.967,,
7.968,,
7.969,,
7.97,,
7.971,,
7.972,,
7.973,,
7.974,,
7.975,,
7.976,,
7.977,,
7.978,,
7.979,,
7.98,,
7.981,,
7.982,,
7.983,,
7.984,,
7.985,,
7.986,,
7.987,,
7.988,,
7.989,,
7.99,,
7.991,,
7.992,,
7.993,,
7.994,,
7.995,,
7.996,,
7.997,,
7.998,,
7.999,,
8,,
8.001,,
8.002,,
8.003,,
8.004,,
8.005,,
8.006,,
8.007,,
8.008,,
8.009,,
8.01,,
8.011,,
8.012,,
8.013,,
8.014,,
8.015,,
8.016,,
8.017,,
8.018,,
8.019,,
8.02,,
8.021,,
8.022,,
8.023,,
8.024,,
8.025,,
8.026,,
8.027,,
8.028,,
8.029,,
8.03,,
8.031,,
8.032,,
8.033,,
8.034,,
8.035,,
8.036,,
8.037,,
8.038,,
8.039,,
8.04,,
8.041,,
8.042,,
8.043,,
8.044,,
8.045,,
8.046,,
8.047,,
8.048,,
8.049,,
8.05,,
8.051,,
8.052,,
8.053,,
8.054,,
8.055,,
8.056,,
8.057,,
8.058,,
8.059,,
8.06,,
8.061,,
8.062,,
8.063,,
8.064,,
8.065,,
8.066,,
8.067,,
8.068,,
8.069,,
8.07,,
8.071,,
8.072,,
8.073,,
8.074,,
8.075,,
8.076,,
8.077,,
8.078,,
8.079,,
8.08,,
8.081,,
8.082,,
8.083,,
8.084,,
8.085,,
8.086,,
8.087,,
8.088,,
8.089,,
8.09,,
8.091,,
8.092,,
8.093,,
8.094,,
8.095,,
8.096,,
8.097,,
8.098,,
8.099,,
8.1,,
8.101,,
8.102,,
8.103,,
8.104,,
8.105,,
8.106,,
8.107,,
8.108,,
8.109,,
8.11,,
8.111,,
8.112,,
8.113,,
8.114,,
8.115,,
8.116,,
8.117,,
8.118,,
8.119,,
8.12,,
8.121,,
8.122,,
8.123,,
8.124,,
8.125,,
8.126,,
8.127,,
8.128,,
8.129,,
8.13,,
8.131,,
8.132,,
8.133,,
8.134,,
8.135,,
8.136,,
8.137,,
8.138,,
8.139,,
8.14,,
8.141,,
8.142,,
8.143,,
8.144,,
8.145,,
8.146,,
8.147,,
8.148,,
8.149,,
8.15,,
8.151,,
8.152,,
8.153,,
8.154,,
8.155,,
8.156,,
8.157,,
8.158,,
8.159,,
8.16,,
8.161,,
8.162,,
8.163,,
8.164,,
8.165,,
8.166,,
8.167,,
8.168,,
8.169,,
8.17,,
8.171,,
8.172,,
8.173,,
8.174,,
8.175,,
8.176,,
8.177,,
8.178,,
8.179,,
8.18,,
8.181,,
8.182,,
8.183,,
8.184,,
8.185,,
8.186,,
8.187,,
8.188,,
8.189,,
8.19,,
8.191,,
8.192,,
8.193,,
8.194,,
8.195,,
8.196,,
8.197,,
8.198,,
8.199,,
8.2,,
8.201,,
8.202,,
8.203,,
8.204,,
8.205,,
8.206,,
8.207,,
8.208,,
8.209,,
8.21,,
8.211,,
8.212,,
8.213,,
8.214,,
8.215,,
8.216,,
8.217,,
8.218,,
8.219,,
8.22,,
8.221,,
8.222,,
8.223,,
8.224,,
8.225,,
8.226,,
8.227,,
8.228,,
8.229,,
8.23,,
8.231,,
8.232,,
8.233,,
8.234,,
8.235,,
8.236,,
8.237,,
8.238,,
8.239,,
8.24,,
8.241,,
8.242,,
8.243,,
8.244,,
8.245,,
8.246,,
8.247,,
8.248,,
8.249,,
8.25,,
8.251,,
8.252,,
8.253,,
8.254,,
8.255,,
8.256,,
8.257,,
8.258,,
8.259,,
8.26,,
8.261,,
8.262,,
8.263,,
8.264,,
8.265,,
8.266,,
8.267,,
8.268,,
8.269,,
8.27,,
8.271,,
8.272,,
8.273,,
8.274,,
8.275,,
8.276,,
8.277,,
8.278,,
8.279,,
8.28,,
8.281,,
8.282,,
8.283,,
8.284,,
8.285,,
8.286,,
8.287,,
8.288,,
8.289,,
8.29,,
8.291,,
8.292,,
8.293,,
8.294,,
8.295,,
8.296,,
8.297,,
8.298,,
8.299,,
8.3,,
8.301,,
8.302,,
8.303,,
8.304,,
8.305,,
8.306,,
8.307,,
8.308,,
8.309,,
8.31,,
8.311,,
8.312,,
8.313,,
8.314,,
8.315,,
8.316,,
8.317,,
8.318,,
8.319,,
8.32,,
8.321,,
8.322,,
8.323,,
8.324,,
8.325,,
8.326,,
8.327,,
8.328,,
8.329,,
8.33,,
8.331,,
8.332,,
8.333,,
8.334,,
8.335,,
8.336,,
8.337,,
8.338,,
8.339,,
8.34,,
8.341,,
8.342,,
8.343,,
8.344,,
8.345,,
8.346,,
8.347,,
8.348,,
8.349,,
8.35,,
8.351,,
8.352,,
8.353,,
8.354,,
8.355,,
8.356,,
8.357,,
8.358,,
8.359,,
8.36,,
8.361,,
8.362,,
8.363,,
8.364,,
8.365,,
8.366,,
8.367,,
8.368,,
8.369,,
8.37,,
8.371,,
8.372,,
8.373,,
8.374,,
8.375,,
8.376,,
8.377,,
8.378,,
8.379,,
8.38,,
8.381,,
8.382,,
8.383,,
8.384,,
8.385,,
8.386,,
8.387,,
8.388,,
8.389,,
8.39,,
8.391,,
8.392,,
8.393,,
8.394,,
8.395,,
8.396,,
8.397,,
8.398,,
8.399,,
8.4,,
8.401,,
8.402,,
8.403,,
8.404,,
8.405,,
8.406,,
8.407,,
8.408,,
8.409,,
8.41,,
8.411,,
8.412,,
8.413,,
8.414,,
8.415,,
8.416,,
8.417,,
8.418,,
8.419,,
8.42,,
8.421,,
8.422,,
8.423,,
8.424,,
8.425,,
8.426,,
8.427,,
8.428,,
8.429,,
8.43,,
8.431,,
8.432,,
8.433,,
8.434,,
8.435,,
8.436,,
8.437,,
8.438,,
8.439,,
8.44,,
8.441,,
8.442,,
8.443,,
8.444,,
8.445,,
8.446,,
8.447,,
8.448,,
8.449,,
8.45,,
8.451,,
8.452,,
8.453,,
8.454,,
8.455,,
8.456,,
8.457,,
8.458,,
8.459,,
8.46,,
8.461,,
8.462,,
8.463,,
8.464,,
8.465,,
8.466,,
8.467,,
8.468,,
8.469,,
8.47,,
8.471,,
8.472,,
8.473,,
8.474,,
8.475,,
8.476,,
8.477,,
8.478,,
8.479,,
8.48,,
8.481,,
8.482,,
8.483,,
8.484,,
8.485,,
8.486,,
8.487,,
8.488,,
8.489,,
8.49,,
8.491,,
8.492,,
8.493,,
8.494,,
8.495,,
8.496,,
8.497,,
8.498,,
8.499,,
8.5,,
8.501,,
8.502,,
8.503,,
8.504,,
8.505,,
8.506,,
8.507,,
8.508,,
8.509,,
8.51,,
8.511,,
8.512,,
8.513,,
8.514,,
8.515,,
8.516,,
8.517,,
8.518,,
8.519,,
8.52,,
8.521,,
8.522,,
8.523,,
8.524,,
8.525,,
8.526,,
8.527,,
8.528,,
8.529,,
8.53,,
8.531,,
8.532,,
8.533,,
8.534,,
8.535,,
8.536,,
8.537,,
8.538,,
8.539,,
8.54,,
8.541,,
8.542,,
8.543,,
8.544,,
8.545,,
8.546,,
8.547,,
8.548,,
8.549,,
8.55,,
8.551,,
8.552,,
8.553,,
8.554,,
8.555,,
8.556,,
8.557,,
8.558,,
8.559,,
8.56,,
8.561,,
8.562,,
8.563,,
8.564,,
8.565,,
8.566,,
8.567,,
8.568,,
8.569,,
8.57,,
8.571,,
8.572,,
8.573,,
8.574,,
8.575,,
8.576,,
8.577,,
8.578,,
8.579,,
8.58,,
8.581,,
8.582,,
8.583,,
8.584,,
8.585,,
8.586,,
8.587,,
8.588,,
8.589,,
8.59,,
8.591,,
8.592,,
8.593,,
8.594,,
8.595,,
8.596,,
8.597,,
8.598,,
8.599,,
8.6,,
8.601,,
8.602,,
8.603,,
8.604,,
8.605,,
8.606,,
8.607,,
8.608,,
8.609,,
8.61,,
8.611,,
8.612,,
8.613,,
8.614,,
8.615,,
8.616,,
8.617,,
8.618,,
8.619,,
8.62,,
8.621,,
8.622,,
8.623,,
8.624,,
8.625,,
8.626,,
8.627,,
8.628,,
8.629,,
8.63,,
8.631,,
8.632,,
8.633,,
8.634,,
8.635,,
8.636,,
8.637,,
8.638,,
8.639,,
8.64,,
8.641,,
8.642,,
8.643,,
8.644,,
8.645,,
8.646,,
8.647,,
8.648,,
8.649,,
8.65,,
8.651,,
8.652,,
8.653,,
8.654,,
8.655,,
8.656,,
8.657,,
8.658,,
8.659,,
8.66,,
8.661,,
8.662,,
8.663,,
8.664,,
8.665,,
8.666,,
8.667,,
8.668,,
8.669,,
8.67,,
8.671,,
8.672,,
8.673,,
8.674,,
8.675,,
8.676,,
8.677,,
8.678,,
8.679,,
8.68,,
8.681,,
8.682,,
8.683,,
8.684,,
8.685,,
8.686,,
8.687,,
8.688,,
8.689,,
8.69,,
8.691,,
8.692,,
8.693,,
8.694,,
8.695,,
8.696,,
8.697,,
8.698,,
8.699,,
8.7,,
8.701,,
8.702,,
8.703,,
8.704,,
8.705,,
8.706,,
8.707,,
8.708,,
8.709,,
8.71,,
8.711,,
8.712,,
8.713,,
8.714,,
8.715,,
8.716,,
8.717,,
8.718,,
8.719,,
8.72,,
8.721,,
8.722,,
8.723,,
8.724,,
8.725,,
8.726,,
8.727,,
8.728,,
8.729,,
8.73,,
8.731,,
8.732,,
8.733,,
8.734,,
8.735,,
8.736,,
8.737,,
8.738,,
8.739,,
8.74,,
8.741,,
8.742,,
8.743,,
8.744,,
8.745,,
8.746,,
8.747,,
8.748,,
8.749,,
8.75,,
8.751,,
8.752,,
8.753,,
8.754,,
8.755,,
8.756,,
8.757,,
8.758,,
8.759,,
8.76,,
8.761,,
8.762,,
8.763,,
8.764,,
8.765,,
8.766,,
8.767,,
8.768,,
8.769,,
8.77,,
8.771,,
8.772,,
8.773,,
8.774,,
8.775,,
8.776,,
8.777,,
8.778,,
8.779,,
8.78,,
8.781,,
8.782,,
8.783,,
8.784,,
8.785,,
8.786,,
8.787,,
8.788,,
8.789,,
8.79,,
8.791,,
8.792,,
8.793,,
8.794,,
8.795,,
8.796,,
8.797,,
8.798,,
8.799,,
8.8,,
8.801,,
8.802,,
8.803,,
8.804,,
8.805,,
8.806,,
8.807,,
8.808,,
8.809,,
8.81,,
8.811,,
8.812,,
8.813,,
8.814,,
8.815,,
8.816,,
8.817,,
8.818,,
8.819,,
8.82,,
8.821,,
8.822,,
8.823,,
8.824,,
8.825,,
8.826,,
8.827,,
8.828,,
8.829,,
8.83,,
8.831,,
8.832,,
8.833,,
8.834,,
8.835,,
8.836,,
8.837,,
8.838,,
8.839,,
8.84,,
8.841,,
8.842,,
8.843,,
8.844,,
8.845,,
8.846,,
8.847,,
8.848,,
8.849,,
8.85,,
8.851,,
8.852,,
8.853,,
8.854,,
8.855,,
8.856,,
8.857,,
8.858,,
8.859,,
8.86,,
8.861,,
8.862,,
8.863,,
8.864,,
8.865,,
8.866,,
8.867,,
8.868,,
8.869,,
8.87,,
8.871,,
8.872,,
8.873,,
8.874,,
8.875,,
8.876,,
8.877,,
8.878,,
8.879,,
8.88,,
8.881,,
8.882,,
8.883,,
8.884,,
8.885,,
8.886,,
8.887,,
8.888,,
8.889,,
8.89,,
8.891,,
8.892,,
8.893,,
8.894,,
8.895,,
8.896,,
8.897,,
8.898,,
8.899,,
8.9,,
8.901,,
8.902,,
8.903,,
8.904,,
8.905,,
8.906,,
8.907,,
8.908,,
8.909,,
8.91,,
8.911,,
8.912,,
8.913,,
8.914,,
8.915,,
8.916,,
8.917,,
8.918,,
8.919,,
8.92,,
8.921,,
8.922,,
8.923,,
8.924,,
8.925,,
8.926,,
8.927,,
8.928,,
8.929,,
8.93,,
8.931,,
8.932,,
8.933,,
8.934,,
8.935,,
8.936,,
8.937,,
8.938,,
8.939,,
8.94,,
8.941,,
8.942,,
8.943,,
8.944,,
8.945,,
8.946,,
8.947,,
8.948,,
8.949,,
8.95,,
8.951,,
8.952,,
8.953,,
8.954,,
8.955,,
8.956,,
8.957,,
8.958,,
8.959,,
8.96,,
8.961,,
8.962,,
8.963,,
8.964,,
8.965,,
8.966,,
8.967,,
8.968,,
8.969,,
8.97,,
8.971,,
8.972,,
8.973,,
8.974,,
8.975,,
8.976,,
8.977,,
8.978,,
8.979,,
8.98,,
8.981,,
8.982,,
8.983,,
8.984,,
8.985,,
8.986,,
8.987,,
8.988,,
8.989,,
8.99,,
8.991,,
8.992,,
8.993,,
8.994,,
8.995,,
8.996,,
8.997,,
8.998,,
8.999,,
9,,
9.001,,
9.002,,
9.003,,
9.004,,
9.005,,
9.006,,
9.007,,
9.008,,
9.009,,
9.01,,
9.011,,
9.012,,
9.013,,
9.014,,
9.015,,
9.016,,
9.017,,
9.018,,
9.019,,
9.02,,
9.021,,
9.022,,
9.023,,
9.024,,
9.025,,
9.026,,
9.027,,
9.028,,
9.029,,
9.03,,
9.031,,
9.032,,
9.033,,
9.034,,
9.035,,
9.036,,
9.037,,
9.038,,
9.039,,
9.04,,
9.041,,
9.042,,
9.043,,
9.044,,
9.045,,
9.046,,
9.047,,
9.048,,
9.049,,
9.05,,
9.051,,
9.052,,
9.053,,
9.054,,
9.055,,
9.056,,
9.057,,
9.058,,
9.059,,
9.06,,
9.061,,
9.062,,
9.063,,
9.064,,
9.065,,
9.066,,
9.067,,
9.068,,
9.069,,
9.07,,
9.071,,
9.072,,
9.073,,
9.074,,
9.075,,
9.076,,
9.077,,
9.078,,
9.079,,
9.08,,
9.081,,
9.082,,
9.083,,
9.084,,
9.085,,
9.086,,
9.087,,
9.088,,
9.089,,
9.09,,
9.091,,
9.092,,
9.093,,
9.094,,
9.095,,
9.096,,
9.097,,
9.098,,
9.099,,
9.1,,
9.101,,
9.102,,
9.103,,
9.104,,
9.105,,
9.106,,
9.107,,
9.108,,
9.109,,
9.11,,
9.111,,
9.112,,
9.113,,
9.114,,
9.115,,
9.116,,
9.117,,
9.118,,
9.119,,
9.12,,
9.121,,
9.122,,
9.123,,
9.124,,
9.125,,
9.126,,
9.127,,
9.128,,
9.129,,
9.13,,
9.131,,
9.132,,
9.133,,
9.134,,
9.135,,
9.136,,
9.137,,
9.138,,
9.139,,
9.14,,
9.141,,
9.142,,
9.143,,
9.144,,
9.145,,
9.146,,
9.147,,
9.148,,
9.149,,
9.15,,
9.151,,
9.152,,
9.153,,
9.154,,
9.155,,
9.156,,
9.157,,
9.158,,
9.159,,
9.16,,
9.161,,
9.162,,
9.163,,
9.164,,
9.165,,
9.166,,
9.167,,
9.168,,
9.169,,
9.17,,
9.171,,
9.172,,
9.173,,
9.174,,
9.175,,
9.176,,
9.177,,
9.178,,
9.179,,
9.18,,
9.181,,
9.182,,
9.183,,
9.184,,
9.185,,
9.186,,
9.187,,
9.188,,
9.189,,
9.19,,
9.191,,
9.192,,
9.193,,
9.194,,
9.195,,
9.196,,
9.197,,
9.198,,
9.199,,
9.2,,
9.201,,
9.202,,
9.203,,
9.204,,
9.205,,
9.206,,
9.207,,
9.208,,
9.209,,
9.21,,
9.211,,
9.212,,
9.213,,
9.214,,
9.215,,
9.216,,
9.217,,
9.218,,
9.219,,
9.22,,
9.221,,
9.222,,
9.223,,
9.224,,
9.225,,
9.226,,
9.227,,
9.228,,
9.229,,
9.23,,
9.231,,
9.232,,
9.233,,
9.234,,
9.235,,
9.236,,
9.237,,
9.238,,
9.239,,
9.24,,
9.241,,
9.242,,
9.243,,
9.244,,
9.245,,
9.246,,
9.247,,
9.248,,
9.249,,
9.25,,
9.251,,
9.252,,
9.253,,
9.254,,
9.255,,
9.256,,
9.257,,
9.258,,
9.259,,
9.26,,
9.261,,
9.262,,
9.263,,
9.264,,
9.265,,
9.266,,
9.267,,
9.268,,
9.269,,
9.27,,
9.271,,
9.272,,
9.273,,
9.274,,
9.275,,
9.276,,
9.277,,
9.278,,
9.279,,
9.28,,
9.281,,
9.282,,
9.283,,
9.284,,
9.285,,
9.286,,
9.287,,
9.288,,
9.289,,
9.29,,
9.291,,
9.292,,
9.293,,
9.294,,
9.295,,
9.296,,
9.297,,
9.298,,
9.299,,
9.3,,
9.301,,
9.302,,
9.303,,
9.304,,
9.305,,
9.306,,
9.307,,
9.308,,
9.309,,
9.31,,
9.311,,
9.312,,
9.313,,
9.314,,
9.315,,
9.316,,
9.317,,
9.318,,
9.319,,
9.32,,
9.321,,
9.322,,
9.323,,
9.324,,
9.325,,
9.326,,
9.327,,
9.328,,
9.329,,
9.33,,
9.331,,
9.332,,
9.333,,
9.334,,
9.335,,
9.336,,
9.337,,
9.338,,
9.339,,
9.34,,
9.341,,
9.342,,
9.343,,
9.344,,
9.345,,
9.346,,
9.347,,
9.348,,
9.349,,
9.35,,
9.351,,
9.352,,
9.353,,
9.354,,
9.355,,
9.356,,
9.357,,
9.358,,
9.359,,
9.36,,
9.361,,
9.362,,
9.363,,
9.364,,
9.365,,
9.366,,
9.367,,
9.368,,
9.369,,
9.37,,
9.371,,
9.372,,
9.373,,
9.374,,
9.375,,
9.376,,
9.377,,
9.378,,
9.379,,
9.38,,
9.381,,
9.382,,
9.383,,
9.384,,
9.385,,
9.386,,
9.387,,
9.388,,
9.389,,
9.39,,
9.391,,
9.392,,
9.393,,
9.394,,
9.395,,
9.396,,
9.397,,
9.398,,
9.399,,
9.4,,
9.401,,
9.402,,
9.403,,
9.404,,
9.405,,
9.406,,
9.407,,
9.408,,
9.409,,
9.41,,
9.411,,
9.412,,
9.413,,
9.414,,
9.415,,
9.416,,
9.417,,
9.418,,
9.419,,
9.42,,
9.421,,
9.422,,
9.423,,
9.424,,
9.425,,
9.426,,
9.427,,
9.428,,
9.429,,
9.43,,
9.431,,
9.432,,
9.433,,
9.434,,
9.435,,
9.436,,
9.437,,
9.438,,
9.439,,
9.44,,
9.441,,
9.442,,
9.443,,
9.444,,
9.445,,
9.446,,
9.447,,
9.448,,
9.449,,
9.45,,
9.451,,
9.452,,
9.453,,
9.454,,
9.455,,
9.456,,
9.457,,
9.458,,
9.459,,
9.46,,
9.461,,
9.462,,
9.463,,
9.464,,
9.465,,
9.466,,
9.467,,
9.468,,
9.469,,
9.47,,
9.471,,
9.472,,
9.473,,
9.474,,
9.475,,
9.476,,
9.477,,
9.478,,
9.479,,
9.48,,
9.481,,
9.482,,
9.483,,
9.484,,
9.485,,
9.486,,
9.487,,
9.488,,
9.489,,
9.49,,
9.491,,
9.492,,
9.493,,
9.494,,
9.495,,
9.496,,
9.497,,
9.498,,
9.499,,
9.5,,
9.501,,
9.502,,
9.503,,
9.504,,
9.505,,
9.506,,
9.507,,
9.508,,
9.509,,
9.51,,
9.511,,
9.512,,
9.513,,
9.514,,
9.515,,
9.516,,
9.517,,
9.518,,
9.519,,
9.52,,
9.521,,
9.522,,
9.523,,
9.524,,
9.525,,
9.526,,
9.527,,
9.528,,
9.529,,
9.53,,
9.531,,
9.532,,
9.533,,
9.534,,
9.535,,
9.536,,
9.537,,
9.538,,
9.539,,
9.54,,
9.541,,
9.542,,
9.543,,
9.544,,
9.545,,
9.546,,
9.547,,
9.548,,
9.549,,
9.55,,
9.551,,
9.552,,
9.553,,
9.554,,
9.555,,
9.556,,
9.557,,
9.558,,
9.559,,
9.56,,
9.561,,
9.562,,
9.563,,
9.564,,
9.565,,
9.566,,
9.567,,
9.568,,
9.569,,
9.57,,
9.571,,
9.572,,
9.573,,
9.574,,
9.575,,
9.576,,
9.577,,
9.578,,
9.579,,
9.58,,
9.581,,
9.582,,
9.583,,
9.584,,
9.585,,
9.586,,
9.587,,
9.588,,
9.589,,
9.59,,
9.591,,
9.592,,
9.593,,
9.594,,
9.595,,
9.596,,
9.597,,
9.598,,
9.599,,
9.6,,
9.601,,
9.602,,
9.603,,
9.604,,
9.605,,
9.606,,
9.607,,
9.608,,
9.609,,
9.61,,
9.611,,
9.612,,
9.613,,
9.614,,
9.615,,
9.616,,
9.617,,
9.618,,
9.619,,
9.62,,
9.621,,
9.622,,
9.623,,
9.624,,
9.625,,
9.626,,
9.627,,
9.628,,
9.629,,
9.63,,
9.631,,
9.632,,
9.633,,
9.634,,
9.635,,
9.636,,
9.637,,
9.638,,
9.639,,
9.64,,
9.641,,
9.642,,
9.643,,
9.644,,
9.645,,
9.646,,
9.647,,
9.648,,
9.649,,
9.65,,
9.651,,
9.652,,
9.653,,
9.654,,
9.655,,
9.656,,
9.657,,
9.658,,
9.659,,
9.66,,
9.661,,
9.662,,
9.663,,
9.664,,
9.665,,
9.666,,
9.667,,
9.668,,
9.669,,
9.67,,
9.671,,
9.672,,
9.673,,
9.674,,
9.675,,
9.676,,
9.677,,
9.678,,
9.679,,
9.68,,
9.681,,
9.682,,
9.683,,
9.684,,
9.685,,
9.686,,
9.687,,
9.688,,
9.689,,
9.69,,
9.691,,
9.692,,
9.693,,
9.694,,
9.695,,
9.696,,
9.697,,
9.698,,
9.699,,
9.7,,
9.701,,
9.702,,
9.703,,
9.704,,
9.705,,
9.706,,
9.707,,
9.708,,
9.709,,
9.71,,
9.711,,
9.712,,
9.713,,
9.714,,
9.715,,
9.716,,
9.717,,
9.718,,
9.719,,
9.72,,
9.721,,
9.722,,
9.723,,
9.724,,
9.725,,
9.726,,
9.727,,
9.728,,
9.729,,
9.73,,
9.731,,
9.732,,
9.733,,
9.734,,
9.735,,
9.736,,
9.737,,
9.738,,
9.739,,
9.74,,
9.741,,
9.742,,
9.743,,
9.744,,
9.745,,
9.746,,
9.747,,
9.748,,
9.749,,
9.75,,
9.751,,
9.752,,
9.753,,
9.754,,
9.755,,
9.756,,
9.757,,
9.758,,
9.759,,
9.76,,
9.761,,
9.762,,
9.763,,
9.764,,
9.765,,
9.766,,
9.767,,
9.768,,
9.769,,
9.77,,
9.771,,
9.772,,
9.773,,
9.774,,
9.775,,
9.776,,
9.777,,
9.778,,
9.779,,
9.78,,
9.781,,
9.782,,
9.783,,
9.784,,
9.785,,
9.786,,
9.787,,
9.788,,
9.789,,
9.79,,
9.791,,
9.792,,
9.793,,
9.794,,
9.795,,
9.796,,
9.797,,
9.798,,
9.799,,
9.8,,
9.801,,
9.802,,
9.803,,
9.804,,
9.805,,
9.806,,
9.807,,
9.808,,
9.809,,
9.81,,
9.811,,
9.812,,
9.813,,
9.814,,
9.815,,
9.816,,
9.817,,
9.818,,
9.819,,
9.82,,
9.821,,
9.822,,
9.823,,
9.824,,
9.825,,
9.826,,
9.827,,
9.828,,
9.829,,
9.83,,
9.831,,
9.832,,
9.833,,
9.834,,
9.835,,
9.836,,
9.837,,
9.838,,
9.839,,
9.84,,
9.841,,
9.842,,
9.843,,
9.844,,
9.845,,
9.846,,
9.847,,
9.848,,
9.849,,
9.85,,
9.851,,
9.852,,
9.853,,
9.854,,
9.855,,
9.856,,
9.857,,
9.858,,
9.859,,
9.86,,
9.861,,
9.862,,
9.863,,
9.864,,
9.865,,
9.866,,
9.867,,
9.868,,
9.869,,
9.87,,
9.871,,
9.872,,
9.873,,
9.874,,
9.875,,
9.876,,
9.877,,
9.878,,
9.879,,
9.88,,
9.881,,
9.882,,
9.883,,
9.884,,
9.885,,
9.886,,
9.887,,
9.888,,
9.889,,
9.89,,
9.891,,
9.892,,
9.893,,
9.894,,
9.895,,
9.896,,
9.897,,
9.898,,
9.899,,
9.9,,
9.901,,
9.902,,
9.903,,
9.904,,
9.905,,
9.906,,
9.907,,
9.908,,
9.909,,
9.91,,
9.911,,
9.912,,
9.913,,
9.914,,
9.915,,
9.916,,
9.917,,
9.918,,
9.919,,
9.92,,
9.921,,
9.922,,
9.923,,
9.924,,
9.925,,
9.926,,
9.927,,
9.928,,
9.929,,
9.93,,
9.931,,
9.932,,
9.933,,
9.934,,
9.935,,
9.936,,
9.937,,
9.938,,
9.939,,
9.94,,
9.941,,
9.942,,
9.943,,
9.944,,
9.945,,
9.946,,
9.947,,
9.948,,
9.949,,
9.95,,
9.951,,
9.952,,
9.953,,
9.954,,
9.955,,
9.956,,
9.957,,
9.958,,
9.959,,
9.96,,
9.961,,
9.962,,
9.963,,
9.964,,
9.965,,
9.966,,
9.967,,
9.968,,
9.969,,
9.97,,
9.971,,
9.972,,
9.973,,
9.974,,
9.975,,
9.976,,
9.977,,
9.978,,
9.979,,
9.98,,
9.981,,
9.982,,
9.983,,
9.984,,
9.985,,
9.986,,
9.987,,
9.988,,
9.989,,
9.99,,
9.991,,
9.992,,
9.993,,
9.994,,
9.995,,
9.996,,
9.997,,
9.998,,
9.999,,
